0 0.416748 0.432624 0.00927734 0.022695
0 0.47168 0.473522 0.0166016 0.020331
0 0.359619 0.469504 0.0170898 0.0170213
0 0.633789 0.472577 0.0175781 0.0231678
1 0.656738 0.482033 0.0166016 0.0174941
1 0.649658 0.590071 0.0161133 0.0179669
0 0.533447 0.556974 0.0239258 0.0170213
1 0.479736 0.580851 0.0258789 0.0241135
0 0.428467 0.543499 0.012207 0.0118203
1 0.424805 0.462884 0.0146484 0.0179669
0 0.690674 0.610638 0.00830078 0.00898345
0 0.462402 0.460993 0.0224609 0.0198582
0 0.49707 0.504255 0.0195312 0.0146572
0 0.505127 0.432388 0.0170898 0.012766
1 0.498535 0.566194 0.0195312 0.012766
1 0.478516 0.50922 0.0175781 0.0198582
1 0.662354 0.413475 0.0161133 0.0156028
1 0.623535 0.506147 0.015625 0.0146572
0 0.581787 0.525295 0.0131836 0.0122931
0 0.554688 0.532861 0.0146484 0.01513
1 0.429932 0.390307 0.0141602 0.0156028
0 0.335938 0.486288 0.00878906 0.0108747
0 0.561279 0.564066 0.0141602 0.01513
0 0.449463 0.516312 0.0161133 0.0179669
1 0.580322 0.4 0.0131836 0.01513
0 0.48999 0.507329 0.0219727 0.0170213
1 0.622314 0.582269 0.0141602 0.012766
0 0.430908 0.389835 0.0141602 0.0165485
0 0.480469 0.510166 0.0126953 0.0122931
0 0.422363 0.444208 0.0117188 0.0156028
1 0.516357 0.580615 0.0161133 0.0179669
1 0.478027 0.48156 0.0224609 0.0231678
1 0.606445 0.554846 0.015625 0.0146572
1 0.561279 0.563357 0.012207 0.0184397
0 0.560791 0.555556 0.0141602 0.0179669
1 0.597412 0.521513 0.0141602 0.01513
1 0.477783 0.584397 0.0180664 0.01513
1 0.634277 0.473286 0.0175781 0.0170213
0 0.479492 0.482269 0.0146484 0.0170213
0 0.415771 0.418203 0.00830078 0.0118203
1 0.55127 0.391489 0.0126953 0.0170213
0 0.387695 0.47565 0.00976562 0.0113475
0 0.424072 0.465248 0.0161133 0.0141844
0 0.468994 0.46643 0.0170898 0.0184397
0 0.496582 0.567376 0.0146484 0.0170213
0 0.528564 0.387234 0.0131836 0.0132388
0 0.579346 0.403073 0.0102539 0.0193853
0 0.509766 0.43026 0.0126953 0.01513
0 0.454346 0.44208 0.0141602 0.0170213
0 0.593994 0.44208 0.0151367 0.01513
0 0.521729 0.49669 0.012207 0.012766
0 0.55127 0.529787 0.0136719 0.0137116
1 0.5354 0.556738 0.0161133 0.0156028
0 0.603516 0.407092 0.0136719 0.0141844
0 0.577393 0.497163 0.012207 0.0146572
0 0.519287 0.499764 0.012207 0.0132388
0 0.518799 0.538061 0.012207 0.0113475
0 0.534424 0.447991 0.012207 0.0137116
