0 0.395996 0.457683 0.0166016 0.0122931
0 0.31958 0.508038 0.0141602 0.012766
0 0.437988 0.452009 0.0126953 0.0189125
0 0.460449 0.477541 0.0117188 0.0189125
0 0.364258 0.552482 0.0136719 0.0165485
0 0.435059 0.456738 0.0107422 0.0170213
0 0.44458 0.489362 0.019043 0.0141844
0 0.412842 0.468794 0.0151367 0.012766
0 0.328613 0.535461 0.00878906 0.0165485
0 0.390625 0.456265 0.0117188 0.01513
1 0.472412 0.554374 0.0131836 0.0137116
0 0.495361 0.521749 0.0112305 0.0108747
0 0.423096 0.468558 0.0141602 0.0141844
0 0.390137 0.508747 0.0126953 0.0122931
0 0.432617 0.460284 0.0117188 0.0137116
0 0.502197 0.481797 0.0131836 0.01513
0 0.44043 0.544681 0.0126953 0.0132388
0 0.471191 0.553901 0.0126953 0.012766
0 0.325928 0.535461 0.00830078 0.0108747
0 0.366699 0.55721 0.015625 0.0118203
0 0.455322 0.483924 0.012207 0.0137116
0 0.4646 0.474705 0.012207 0.0141844
0 0.468994 0.589835 0.0131836 0.0165485
0 0.373779 0.50591 0.012207 0.0113475
0 0.427246 0.495508 0.0117188 0.0122931
