1 0.518799 0.407092 0.0200195 0.0217494
0 0.399902 0.462884 0.0166016 0.0113475
0 0.289062 0.558865 0.00878906 0.00851064
0 0.510498 0.398818 0.0229492 0.020331
0 0.581299 0.52766 0.0229492 0.0160757
0 0.542969 0.460047 0.015625 0.01513
1 0.548828 0.52695 0.0175781 0.0174941
0 0.418213 0.546336 0.0161133 0.0174941
1 0.317871 0.420095 0.0166016 0.0184397
0 0.432129 0.418203 0.0146484 0.020331
0 0.529785 0.452955 0.0244141 0.0160757
0 0.606445 0.525532 0.0146484 0.0165485
0 0.580078 0.532624 0.0166016 0.0184397
1 0.416016 0.545154 0.0166016 0.0170213
0 0.578613 0.41182 0.0166016 0.0179669
0 0.512451 0.357683 0.0131836 0.0174941
0 0.607666 0.456738 0.0131836 0.0179669
1 0.553955 0.518913 0.0161133 0.0146572
0 0.547852 0.35461 0.00878906 0.0132388
0 0.601562 0.458629 0.0185547 0.0160757
1 0.544922 0.535697 0.0185547 0.0179669
0 0.333008 0.57305 0.0117188 0.0122931
0 0.518311 0.410402 0.019043 0.0170213
1 0.602783 0.456974 0.0151367 0.0184397
0 0.370605 0.393144 0.0107422 0.00992908
1 0.294434 0.472104 0.0175781 0.0156028
0 0.60791 0.418203 0.0146484 0.0156028
0 0.357422 0.387707 0.0195312 0.0141844
0 0.576172 0.404492 0.0146484 0.0156028
1 0.577881 0.531206 0.0170898 0.0212766
0 0.614258 0.519858 0.0117188 0.0137116
1 0.522949 0.489362 0.0175781 0.0170213
0 0.521729 0.48747 0.0151367 0.0160757
0 0.590332 0.480142 0.015625 0.0165485
0 0.318359 0.418676 0.0146484 0.0174941
0 0.51001 0.556974 0.0141602 0.01513
0 0.340332 0.53617 0.0107422 0.0113475
0 0.543945 0.536879 0.015625 0.0146572
0 0.433105 0.424113 0.0185547 0.0170213
0 0.505127 0.396454 0.0131836 0.0156028
0 0.361816 0.439007 0.015625 0.0174941
0 0.326416 0.526714 0.0112305 0.0113475
0 0.537842 0.458629 0.0141602 0.0160757
0 0.307373 0.440189 0.0161133 0.0179669
0 0.598145 0.492908 0.0136719 0.0156028
0 0.43042 0.404255 0.012207 0.0170213
0 0.541992 0.411584 0.0136719 0.0146572
0 0.567627 0.477778 0.019043 0.00992908
0 0.392822 0.461702 0.0161133 0.0156028
0 0.44043 0.449882 0.0175781 0.0165485
0 0.430176 0.478014 0.015625 0.01513
0 0.552246 0.520095 0.0136719 0.0132388
0 0.501953 0.474941 0.0126953 0.0137116
0 0.469238 0.417731 0.015625 0.0174941
0 0.380371 0.5 0.0126953 0.012766
0 0.436768 0.527896 0.0141602 0.0156028
0 0.517822 0.447991 0.0112305 0.0118203
0 0.56665 0.479433 0.0102539 0.0113475
