0 0.716064 0.885579 0.0180664 0.0283688
0 0.929688 0.49078 0.0214844 0.0141844
0 0.924316 0.489362 0.00976562 0.0141844
0 0.729004 0.86383 0.0214844 0.0179669
0 0.439453 0.523168 0.0146484 0.0137116
0 0.366211 0.487943 0.0136719 0.0113475
0 0.847412 0.746336 0.012207 0.0137116
0 0.537842 0.511111 0.0141602 0.01513
0 0.660645 0.870213 0.0136719 0.0184397
0 0.657715 0.799527 0.0244141 0.01513
0 0.602295 0.821277 0.0151367 0.0132388
1 0.713867 0.900473 0.0166016 0.0184397
0 0.648682 0.737589 0.0170898 0.0160757
0 0.86377 0.463593 0.015625 0.012766
0 0.659424 0.711111 0.0209961 0.0160757
0 0.712646 0.899291 0.0141602 0.0179669
0 0.881348 0.541371 0.0205078 0.0160757
0 0.568604 0.788889 0.012207 0.0137116
0 0.640625 0.418676 0.0146484 0.0156028
0 0.779785 0.601418 0.015625 0.01513
0 0.962646 0.492199 0.0131836 0.0122931
0 0.666992 0.40331 0.0126953 0.0122931
0 0.817383 0.793144 0.0126953 0.012766
0 0.608154 0.838061 0.012207 0.0184397
0 0.60498 0.468794 0.0117188 0.0137116
0 0.621826 0.339953 0.012207 0.0132388
1 0.616455 0.865721 0.0161133 0.0141844
0 0.843018 0.496217 0.0170898 0.012766
0 0.940918 0.495035 0.0146484 0.0179669
0 0.792725 0.698345 0.0102539 0.01513
0 0.462158 0.523168 0.0131836 0.012766
0 0.654541 0.889125 0.0141602 0.0137116
0 0.827393 0.505674 0.0141602 0.0137116
0 0.6604 0.880142 0.0151367 0.0165485
0 0.603027 0.764539 0.0146484 0.0122931
0 0.7229 0.645154 0.0141602 0.0184397
0 0.560547 0.397636 0.0146484 0.0132388
0 0.813721 0.547281 0.0102539 0.00992908
0 0.654297 0.860993 0.0117188 0.0160757
0 0.466553 0.492671 0.012207 0.0141844
0 0.822754 0.599764 0.0126953 0.0137116
0 0.825684 0.679905 0.0107422 0.0132388
0 0.51123 0.448227 0.0107422 0.0113475
0 0.648438 0.383452 0.00976562 0.0104019
0 0.544189 0.446572 0.012207 0.0118203
0 0.608887 0.405674 0.0136719 0.0179669
0 0.715576 0.776359 0.0161133 0.0141844
0 0.788818 0.709693 0.012207 0.0179669
0 0.757324 0.71513 0.0126953 0.0146572
0 0.609619 0.708038 0.012207 0.0118203
0 0.662598 0.67565 0.0126953 0.0141844
0 0.665039 0.715366 0.0126953 0.0122931
0 0.905762 0.582979 0.0175781 0.0132388
0 0.715332 0.667612 0.0136719 0.0141844
0 0.649414 0.746809 0.0126953 0.0137116
0 0.723389 0.683215 0.0141602 0.0189125
0 0.666748 0.807329 0.0131836 0.0137116
0 0.616455 0.371395 0.0112305 0.0118203
0 0.683594 0.723168 0.0107422 0.012766
0 0.945801 0.556501 0.00976562 0.0141844
0 0.719238 0.870449 0.00976562 0.0113475
0 0.658691 0.830969 0.0117188 0.0118203
0 0.926025 0.54279 0.0141602 0.0122931
0 0.69751 0.820567 0.00927734 0.00992908
0 0.738525 0.853901 0.00927734 0.0122931
0 0.649902 0.793617 0.0126953 0.0118203
0 0.700195 0.706619 0.0136719 0.0137116
0 0.858887 0.575177 0.0136719 0.0118203
0 0.890137 0.532624 0.015625 0.0137116
0 0.712158 0.834515 0.00732422 0.00945626
0 0.725586 0.643026 0.0117188 0.0104019
0 0.816895 0.625768 0.0117188 0.0146572
0 0.764893 0.746336 0.0131836 0.012766
0 0.784424 0.71844 0.012207 0.0137116
0 0.641846 0.699291 0.012207 0.0132388
0 0.875244 0.544444 0.0131836 0.012766
0 0.75293 0.65721 0.00976562 0.0141844
