1 0.633057 0.410165 0.0151367 0.0156028
0 0.227539 0.193853 0.0107422 0.0104019
0 0.306396 0.486761 0.0161133 0.0165485
0 0.527832 0.466194 0.0214844 0.0198582
0 0.143066 0.637352 0.0185547 0.0104019
1 0.611816 0.432624 0.0185547 0.0179669
0 0.468018 0.367376 0.00732422 0.0198582
1 0.444824 0.33617 0.015625 0.0132388
0 0.296387 0.183688 0.0126953 0.00992908
0 0.797852 0.0555556 0.0185547 0.0118203
1 0.258057 0.439953 0.0170898 0.0193853
0 0.508057 0.406147 0.0102539 0.0104019
1 0.514648 0.49409 0.015625 0.0198582
0 0.611328 0.436643 0.0126953 0.0165485
1 0.632324 0.459338 0.0195312 0.0174941
1 0.618896 0.384161 0.0170898 0.0137116
0 0.939941 0.0248227 0.0185547 0.0118203
1 0.372559 0.324113 0.015625 0.020331
1 0.463135 0.345154 0.019043 0.01513
0 0.330566 0.470686 0.0146484 0.012766
0 0.849365 0.0527187 0.0200195 0.0137116
0 0.556396 0.426714 0.019043 0.0174941
1 0.48877 0.476832 0.0126953 0.0174941
0 0.232666 0.0969267 0.012207 0.0122931
0 0.324463 0.466667 0.0161133 0.022695
0 0.258301 0.300709 0.0126953 0.0132388
0 0.247803 0.474941 0.0141602 0.0108747
0 0.442871 0.33948 0.0146484 0.0141844
0 0.445068 0.396217 0.0102539 0.0160757
0 0.483154 0.376123 0.0141602 0.0165485
0 0.416748 0.486525 0.0141602 0.0170213
0 0.294678 0.296218 0.0131836 0.0137116
0 0.61084 0.42766 0.0117188 0.0146572
0 0.443604 0.333806 0.012207 0.0141844
0 0.368164 0.517021 0.0136719 0.0165485
1 0.549805 0.492199 0.0175781 0.0141844
0 0.352051 0.421749 0.015625 0.0170213
1 0.486328 0.373286 0.0126953 0.012766
1 0.549561 0.43948 0.0161133 0.0174941
0 0.42041 0.408747 0.015625 0.0156028
0 0.468262 0.319858 0.0107422 0.012766
1 0.52417 0.463357 0.0180664 0.0179669
1 0.310547 0.487707 0.0136719 0.0146572
0 0.566895 0.424586 0.0117188 0.0122931
0 0.487061 0.474941 0.0141602 0.0156028
0 0.258789 0.21182 0.0117188 0.0132388
0 0.463379 0.345863 0.0117188 0.0156028
0 0.38623 0.355792 0.0117188 0.012766
0 0.897461 0.0529551 0.0117188 0.0113475
1 0.337402 0.495745 0.0146484 0.0156028
0 0.342041 0.541135 0.012207 0.012766
0 0.280762 0.416548 0.0107422 0.00945626
0 0.31543 0.3513 0.0136719 0.01513
0 0.321289 0.4513 0.0136719 0.0137116
0 0.850342 0.0801418 0.0112305 0.012766
1 0.579102 0.440662 0.0136719 0.0160757
0 0.312256 0.0498818 0.012207 0.0118203
0 0.336426 0.496217 0.0117188 0.0146572
0 0.48584 0.372104 0.0146484 0.01513
0 0.528809 0.394799 0.0136719 0.0141844
0 0.385254 0.442553 0.0146484 0.0160757
1 0.294922 0.524586 0.0146484 0.0156028
0 0.446045 0.4 0.0151367 0.0122931
0 0.521729 0.37234 0.0141602 0.012766
0 0.323486 0.386288 0.0131836 0.01513
0 0.40918 0.354374 0.0146484 0.0137116
0 0.593262 0.389598 0.0107422 0.0104019
0 0.376221 0.407092 0.0151367 0.01513
0 0.487793 0.429787 0.0136719 0.0141844
