0 0.390869 0.524113 0.0180664 0.0137116
0 0.374268 0.42435 0.0151367 0.0193853
0 0.296875 0.400473 0.0146484 0.0113475
0 0.55542 0.708038 0.012207 0.0108747
0 0.281494 0.405437 0.019043 0.00992908
0 0.429443 0.501655 0.0219727 0.0160757
0 0.356201 0.38747 0.0249023 0.0137116
0 0.370361 0.340898 0.0131836 0.0104019
0 0.307617 0.441371 0.0292969 0.0231678
0 0.277832 0.460757 0.0205078 0.020331
0 0.292969 0.368085 0.0117188 0.0184397
0 0.369873 0.383924 0.0161133 0.0122931
0 0.273438 0.421986 0.00878906 0.0174941
0 0.312744 0.54539 0.0161133 0.0165485
1 0.313477 0.546336 0.0175781 0.0165485
0 0.431152 0.497636 0.0126953 0.0184397
0 0.456787 0.470213 0.0170898 0.0156028
1 0.277588 0.460047 0.0161133 0.0189125
0 0.55127 0.401655 0.0166016 0.012766
0 0.278076 0.42766 0.0258789 0.0118203
0 0.506104 0.392671 0.0170898 0.012766
1 0.484375 0.386998 0.0224609 0.0146572
0 0.480469 0.386998 0.0166016 0.0146572
0 0.386475 0.469976 0.0161133 0.01513
1 0.402832 0.441844 0.0166016 0.0165485
1 0.429932 0.500236 0.0180664 0.0170213
0 0.345947 0.530024 0.0112305 0.0113475
0 0.317139 0.443972 0.0161133 0.0170213
0 0.401367 0.441608 0.015625 0.0189125
0 0.297607 0.428369 0.0161133 0.01513
0 0.479736 0.441371 0.0151367 0.0156028
1 0.456299 0.469031 0.0170898 0.0217494
0 0.283447 0.464303 0.0161133 0.0160757
0 0.316406 0.500473 0.0166016 0.0156028
0 0.378418 0.42104 0.0175781 0.0156028
0 0.362793 0.389362 0.015625 0.0137116
0 0.382812 0.465721 0.0166016 0.0170213
0 0.348877 0.465012 0.0151367 0.0137116
0 0.295166 0.374468 0.0151367 0.0141844
0 0.27417 0.428842 0.00927734 0.0141844
0 0.387207 0.408983 0.0107422 0.0113475
0 0.398926 0.522459 0.0166016 0.0179669
0 0.454834 0.43357 0.012207 0.0122931
0 0.463867 0.411584 0.0126953 0.0146572
