0 0.360596 0.525295 0.0170898 0.00945626
0 0.585938 0.573759 0.0166016 0.0118203
0 0.351074 0.55721 0.0126953 0.0184397
0 0.594971 0.492199 0.0200195 0.0122931
0 0.606689 0.547754 0.0229492 0.0146572
1 0.435059 0.56714 0.015625 0.0184397
0 0.362061 0.140426 0.019043 0.0141844
0 0.443359 0.615839 0.0166016 0.0118203
0 0.268555 0.153191 0.0175781 0.0113475
0 0.625732 0.568558 0.0151367 0.0137116
0 0.548096 0.589835 0.0209961 0.00992908
0 0.437012 0.616312 0.0205078 0.0222222
0 0.619629 0.575887 0.0117188 0.0198582
0 0.530518 0.543026 0.0141602 0.0184397
0 0.625977 0.510638 0.0175781 0.0141844
0 0.285889 0.0271868 0.0102539 0.012766
0 0.508301 0.565485 0.0117188 0.0113475
0 0.562744 0.480142 0.0219727 0.012766
0 0.550049 0.481324 0.0131836 0.0113475
0 0.658203 0.384397 0.015625 0.01513
0 0.664062 0.523404 0.0146484 0.0198582
1 0.45166 0.618676 0.0205078 0.0212766
0 0.335449 0.146336 0.0126953 0.0118203
0 0.658691 0.449173 0.0117188 0.0122931
0 0.314941 0.210402 0.0117188 0.00945626
0 0.335938 0.0484634 0.0117188 0.0108747
1 0.661621 0.551537 0.0185547 0.0193853
0 0.621582 0.566903 0.0107422 0.0198582
0 0.620605 0.508747 0.0117188 0.0132388
0 0.534668 0.530496 0.0107422 0.0113475
0 0.432861 0.565485 0.0131836 0.0170213
0 0.118896 0.0323877 0.0151367 0.012766
0 0.349609 0.551537 0.0117188 0.0137116
0 0.402344 0.597636 0.0146484 0.0113475
0 0.374512 0.56974 0.0136719 0.0132388
0 0.597168 0.543262 0.0107422 0.0122931
0 0.567139 0.477305 0.0131836 0.0118203
0 0.592285 0.599291 0.0136719 0.0137116
0 0.431885 0.502364 0.0102539 0.012766
0 0.462891 0.590307 0.0126953 0.0146572
0 0.427002 0.531678 0.0131836 0.0118203
0 0.59082 0.571158 0.0146484 0.01513
0 0.615967 0.555556 0.00927734 0.0122931
0 0.546631 0.61253 0.0131836 0.0146572
0 0.537842 0.534988 0.00830078 0.00992908
0 0.499023 0.533333 0.00878906 0.0122931
0 0.539551 0.588416 0.0146484 0.012766
0 0.455811 0.54279 0.0112305 0.0104019
0 0.501221 0.648936 0.012207 0.012766
0 0.561279 0.534988 0.0102539 0.012766
0 0.411133 0.544681 0.0117188 0.0104019
0 0.462891 0.522459 0.00976562 0.0113475
0 0.52832 0.556501 0.0117188 0.0160757
