0 0.437988 0.5487 0.0117188 0.012766
0 0.560547 0.512293 0.0146484 0.0231678
1 0.480225 0.597163 0.0141602 0.0189125
0 0.515625 0.492199 0.015625 0.00945626
1 0.509277 0.539244 0.0107422 0.0146572
0 0.444824 0.510875 0.0195312 0.0108747
1 0.503662 0.550118 0.0170898 0.0184397
0 0.493408 0.554137 0.0209961 0.0132388
0 0.46875 0.482742 0.00878906 0.0132388
0 0.532715 0.567849 0.015625 0.0132388
1 0.458252 0.548936 0.0180664 0.0179669
0 0.510254 0.498582 0.0126953 0.0184397
0 0.597412 0.550118 0.0112305 0.00992908
0 0.473389 0.485106 0.0161133 0.0132388
0 0.357422 0.106619 0.015625 0.0146572
0 0.558105 0.437352 0.0117188 0.0113475
0 0.511719 0.537825 0.015625 0.0156028
0 0.512695 0.436407 0.0078125 0.0179669
0 0.561768 0.539716 0.0112305 0.0146572
0 0.511963 0.425059 0.00830078 0.0141844
0 0.584961 0.520095 0.00976562 0.0104019
0 0.51123 0.429314 0.0078125 0.0113475
0 0.535889 0.382506 0.00927734 0.0104019
0 0.503906 0.509693 0.0146484 0.0141844
0 0.559082 0.508038 0.00976562 0.0118203
