0 0.315674 0.476596 0.0239258 0.0141844
0 0.533691 0.393617 0.0107422 0.0146572
0 0.468018 0.447045 0.0180664 0.0108747
0 0.559814 0.543972 0.0151367 0.0118203
0 0.303467 0.738771 0.0131836 0.00898345
0 0.540283 0.490544 0.0258789 0.0108747
0 0.333252 0.546336 0.0200195 0.012766
0 0.640137 0.410875 0.0107422 0.0179669
0 0.628174 0.557683 0.00927734 0.00992908
0 0.558594 0.539007 0.0146484 0.0132388
0 0.608887 0.380851 0.00878906 0.0146572
0 0.461426 0.674232 0.0117188 0.0104019
0 0.385986 0.597636 0.0180664 0.0122931
0 0.346436 0.500709 0.0131836 0.0141844
0 0.37793 0.815366 0.0117188 0.012766
0 0.537109 0.404728 0.0126953 0.0179669
0 0.134766 0.462648 0.0166016 0.0118203
0 0.610107 0.593617 0.0151367 0.012766
0 0.549805 0.521986 0.0166016 0.0122931
0 0.346191 0.471868 0.0146484 0.0113475
0 0.365234 0.730496 0.015625 0.0113475
0 0.0302734 0.474941 0.0146484 0.00992908
0 0.329102 0.558865 0.0205078 0.0170213
0 0.568359 0.487707 0.0166016 0.0118203
0 0.280518 0.532388 0.0170898 0.0104019
0 0.539307 0.668558 0.0151367 0.00945626
0 0.211426 0.435934 0.0117188 0.00945626
0 0.291504 0.560757 0.015625 0.0113475
0 0.570557 0.492199 0.0180664 0.0122931
1 0.656006 0.467376 0.0141602 0.0156028
0 0.242188 0.411111 0.00976562 0.0108747
0 0.405029 0.635461 0.0141602 0.0104019
0 0.443115 0.620331 0.0161133 0.00945626
0 0.488037 0.686288 0.0102539 0.00992908
0 0.675049 0.507801 0.00927734 0.0104019
0 0.599121 0.52435 0.0185547 0.0122931
0 0.420898 0.663357 0.0126953 0.0104019
0 0.43335 0.759574 0.0102539 0.00898345
0 0.578613 0.402364 0.0126953 0.0104019
0 0.641113 0.526241 0.0166016 0.0141844
0 0.656982 0.467849 0.0131836 0.0156028
0 0.264404 0.438771 0.0151367 0.0160757
0 0.542969 0.578014 0.0117188 0.0108747
0 0.580566 0.601418 0.00976562 0.00851064
0 0.579102 0.507565 0.0107422 0.0118203
0 0.579102 0.501655 0.0126953 0.0122931
0 0.642334 0.411584 0.00732422 0.0108747
0 0.0939941 0.47305 0.0131836 0.00992908
0 0.480713 0.608038 0.0170898 0.0104019
0 0.358154 0.520095 0.0131836 0.01513
0 0.466553 0.726714 0.0131836 0.0113475
0 0.40918 0.571395 0.0146484 0.00898345
0 0.629639 0.440426 0.012207 0.0118203
0 0.365723 0.555319 0.0107422 0.0118203
0 0.574219 0.403783 0.0146484 0.0113475
0 0.442627 0.734043 0.0102539 0.00898345
0 0.324463 0.56383 0.0141602 0.0137116
0 0.57959 0.553191 0.0107422 0.0104019
0 0.602783 0.526478 0.012207 0.00898345
0 0.5354 0.400709 0.0112305 0.0118203
