0 0.549805 0.402128 0.0146484 0.0137116
0 0.074707 0.569267 0.0263672 0.0170213
0 0.0224609 0.419149 0.015625 0.0137116
0 0.481445 0.419622 0.0195312 0.0165485
0 0.105225 0.522695 0.0229492 0.0156028
0 0.128906 0.470922 0.0078125 0.01513
0 0.533447 0.410165 0.0141602 0.0156028
1 0.012207 0.604019 0.015625 0.0174941
0 0.0461426 0.559102 0.0170898 0.0137116
0 0.490479 0.425532 0.0249023 0.0113475
0 0.141113 0.531206 0.0166016 0.0250591
0 0.476318 0.373995 0.0180664 0.0160757
0 0.134033 0.605437 0.0112305 0.0222222
0 0.490479 0.338771 0.0170898 0.0165485
0 0.0588379 0.564303 0.00927734 0.0118203
0 0.473389 0.455556 0.00732422 0.0193853
0 0.436035 0.424823 0.0126953 0.0156028
0 0.486328 0.37896 0.0146484 0.0156028
0 0.496338 0.38156 0.0102539 0.0104019
0 0.469482 0.458629 0.0141602 0.0113475
0 0.137451 0.500473 0.012207 0.0156028
0 0.477539 0.408747 0.0107422 0.0146572
0 0.4729 0.370922 0.0131836 0.0108747
0 0.0668945 0.441844 0.0214844 0.0137116
0 0.10791 0.475177 0.00878906 0.0170213
0 0.484131 0.38818 0.0170898 0.0170213
0 0.0827637 0.521513 0.0141602 0.0179669
0 0.0883789 0.522695 0.0117188 0.0174941
0 0.11499 0.522695 0.012207 0.012766
0 0.433594 0.417494 0.0126953 0.0170213
0 0.0341797 0.520331 0.0136719 0.0118203
0 0.140869 0.587707 0.0102539 0.0122931
0 0.03125 0.584397 0.0126953 0.0104019
0 0.552246 0.397163 0.0107422 0.0113475
0 0.482178 0.425296 0.012207 0.0137116
0 0.528564 0.412766 0.0102539 0.0141844
0 0.0734863 0.469031 0.0141602 0.01513
0 0.494629 0.462411 0.0166016 0.0132388
0 0.0712891 0.445626 0.0126953 0.0118203
0 0.490234 0.381324 0.0117188 0.012766
0 0.0854492 0.527187 0.0107422 0.0122931
0 0.107422 0.570449 0.00976562 0.0108747
0 0.0869141 0.511584 0.0126953 0.0160757
0 0.47583 0.404728 0.0112305 0.0113475
0 0.50293 0.427187 0.0107422 0.0108747
0 0.106201 0.480615 0.0102539 0.0137116
0 0.139893 0.522695 0.0112305 0.0165485
0 0.0515137 0.604255 0.0102539 0.00945626
0 0.0273438 0.584634 0.0117188 0.012766
0 0.0727539 0.503783 0.0107422 0.0108747
0 0.131348 0.608038 0.0078125 0.00851064
0 0.119873 0.543972 0.0112305 0.0118203
0 0.0854492 0.579905 0.00976562 0.0108747
0 0.0419922 0.554846 0.0107422 0.00992908
