0 0.626709 0.423404 0.0200195 0.0193853
0 0.303467 0.357683 0.0131836 0.0165485
1 0.718262 0.461939 0.0136719 0.01513
0 0.284912 0.278014 0.012207 0.0122931
1 0.246826 0.278251 0.0151367 0.0193853
1 0.748291 0.428369 0.0141602 0.0122931
0 0.73999 0.502364 0.019043 0.020331
1 0.290527 0.307565 0.0136719 0.0174941
0 0.619141 0.431206 0.0166016 0.0170213
0 0.683838 0.10331 0.0112305 0.012766
0 0.291748 0.346099 0.0151367 0.0189125
0 0.742432 0.555792 0.019043 0.0118203
1 0.69458 0.456974 0.0180664 0.0156028
1 0.6875 0.459574 0.015625 0.01513
1 0.600098 0.385343 0.0117188 0.0122931
0 0.601318 0.0104019 0.019043 0.0104019
1 0.683838 0.614421 0.0141602 0.012766
0 0.664795 0.567376 0.0102539 0.0104019
1 0.729492 0.652955 0.0166016 0.0170213
0 0.656738 0.478723 0.0136719 0.0146572
0 0.292725 0.311348 0.0170898 0.0165485
0 0.746094 0.518676 0.0126953 0.0160757
0 0.681641 0.614184 0.0146484 0.0132388
0 0.287842 0.339953 0.0170898 0.0170213
0 0.750732 0.431678 0.0161133 0.0170213
1 0.293945 0.398818 0.0126953 0.0146572
0 0.72876 0.491017 0.0141602 0.0146572
1 0.245117 0.313002 0.0175781 0.0179669
0 0.737061 0.581797 0.0112305 0.0165485
1 0.672852 0.499527 0.0146484 0.0174941
0 0.769287 0.59669 0.0170898 0.0132388
1 0.74707 0.515839 0.0146484 0.0160757
0 0.721191 0.463121 0.015625 0.012766
1 0.239502 0.393853 0.0151367 0.0179669
0 0.673584 0.49669 0.012207 0.0174941
0 0.621094 0.429314 0.00878906 0.0113475
0 0.669434 0.417494 0.0126953 0.0141844
0 0.239746 0.39409 0.0117188 0.0165485
0 0.63623 0.606619 0.0126953 0.0113475
1 0.767334 0.595745 0.012207 0.0132388
1 0.204102 0.395981 0.0195312 0.0174941
0 0.640625 0.415839 0.0126953 0.0156028
1 0.299805 0.358629 0.0166016 0.0165485
1 0.657959 0.479196 0.0161133 0.0137116
0 0.284912 0.332624 0.0131836 0.012766
0 0.734375 0.492199 0.0107422 0.0132388
0 0.20752 0.366194 0.0117188 0.0108747
1 0.237061 0.427896 0.0200195 0.0179669
0 0.260986 0.334043 0.0112305 0.0137116
0 0.238037 0.370686 0.0102539 0.0132388
0 0.739502 0.614894 0.00927734 0.0118203
