0 0.201172 0.0200946 0.015625 0.00992908
0 0.432129 0.387234 0.00878906 0.0113475
0 0.470459 0.565721 0.0151367 0.0174941
0 0.445068 0.410165 0.0131836 0.0118203
1 0.057373 0.556974 0.0151367 0.0141844
0 0.530273 0.437116 0.0195312 0.012766
0 0.342773 0.612766 0.0166016 0.0132388
0 0.551514 0.466667 0.0229492 0.0132388
0 0.146973 0.489598 0.0195312 0.012766
0 0.552002 0.550355 0.0112305 0.0160757
0 0.491211 0.526478 0.0146484 0.012766
1 0.513672 0.400473 0.0136719 0.0122931
0 0.0581055 0.557683 0.015625 0.012766
1 0.059082 0.557683 0.0263672 0.0193853
0 0.509766 0.445863 0.0273438 0.01513
0 0.47168 0.507565 0.00976562 0.0108747
1 0.489258 0.399291 0.0146484 0.0137116
0 0.608643 0.463357 0.0141602 0.0141844
0 0.502686 0.420095 0.0131836 0.020331
0 0.500244 0.419149 0.012207 0.012766
0 0.48999 0.396454 0.0102539 0.0165485
0 0.518066 0.400709 0.0117188 0.0184397
0 0.47998 0.413475 0.0136719 0.012766
0 0.536621 0.434988 0.0175781 0.0132388
0 0.575195 0.459102 0.0166016 0.0132388
0 0.551758 0.544917 0.00976562 0.0108747
1 0.609863 0.462175 0.0166016 0.0156028
0 0.572021 0.455319 0.0141602 0.0132388
0 0.514893 0.401182 0.0112305 0.0137116
0 0.345947 0.607329 0.0102539 0.0118203
0 0.556885 0.44208 0.012207 0.0132388
0 0.522217 0.443026 0.0141602 0.0132388
0 0.447266 0.47896 0.0166016 0.0170213
0 0.49292 0.452009 0.0141602 0.01513
0 0.459717 0.44208 0.0102539 0.0132388
0 0.544189 0.396454 0.0151367 0.0146572
0 0.48291 0.524823 0.0126953 0.0122931
0 0.47168 0.558865 0.0117188 0.01513
0 0.496094 0.563357 0.0166016 0.0118203
0 0.495117 0.508983 0.0136719 0.012766
0 0.55249 0.440426 0.012207 0.0137116
0 0.559326 0.465012 0.012207 0.0118203
0 0.512207 0.531678 0.0107422 0.0137116
