0 0.480469 0.417494 0.0195312 0.0122931
0 0.393799 0.65461 0.0141602 0.0156028
0 0.335449 0.449645 0.0166016 0.0141844
0 0.650391 0.56052 0.0117188 0.0137116
0 0.449219 0.699527 0.0214844 0.0108747
0 0.262695 0.730969 0.0273438 0.0132388
0 0.256836 0.735461 0.0234375 0.0137116
0 0.252197 0.529787 0.0180664 0.00992908
1 0.522217 0.349882 0.0209961 0.0141844
0 0.337402 0.580142 0.015625 0.01513
0 0.234863 0.669267 0.015625 0.0137116
1 0.32373 0.440662 0.0185547 0.0208038
0 0.414307 0.732624 0.0112305 0.0165485
0 0.380859 0.715839 0.0126953 0.0122931
0 0.500488 0.388652 0.00683594 0.022695
1 0.498535 0.374941 0.0146484 0.0170213
1 0.34082 0.486998 0.0205078 0.0189125
0 0.622559 0.428842 0.0185547 0.0160757
0 0.439697 0.410875 0.0151367 0.0141844
1 0.333252 0.482269 0.0239258 0.0132388
0 0.561279 0.331442 0.0112305 0.0132388
0 0.233398 0.632151 0.0185547 0.0113475
0 0.526123 0.309693 0.0131836 0.0122931
0 0.372314 0.670922 0.0170898 0.0132388
0 0.396729 0.758392 0.0327148 0.0104019
0 0.295166 0.746572 0.012207 0.0132388
0 0.518066 0.61253 0.015625 0.012766
0 0.908203 0.449409 0.0117188 0.00803783
0 0.652832 0.511348 0.0195312 0.0165485
0 0.505371 0.516312 0.0263672 0.0179669
1 0.352783 0.356028 0.0151367 0.0141844
1 0.313721 0.410402 0.0112305 0.0113475
0 0.313477 0.506856 0.0126953 0.0113475
0 0.308594 0.668558 0.0166016 0.0141844
0 0.365723 0.684161 0.0175781 0.0179669
0 0.339844 0.709929 0.0126953 0.0184397
0 0.402344 0.423404 0.0146484 0.0137116
1 0.23877 0.547754 0.0136719 0.012766
0 0.385498 0.711348 0.0141602 0.0146572
1 0.656006 0.516312 0.0180664 0.0160757
0 0.328857 0.448463 0.0161133 0.0156028
0 0.609863 0.434988 0.0185547 0.0141844
0 0.469727 0.415603 0.0263672 0.0160757
1 0.348389 0.357683 0.0151367 0.0193853
0 0.489258 0.52104 0.015625 0.0141844
0 0.592041 0.537825 0.0170898 0.0137116
0 0.398926 0.420567 0.0234375 0.0174941
0 0.395264 0.661229 0.0170898 0.0118203
0 0.602051 0.655792 0.0166016 0.0122931
0 0.512207 0.479669 0.0146484 0.0118203
0 0.421387 0.365248 0.0136719 0.0165485
0 0.422852 0.371158 0.0185547 0.0189125
0 0.475586 0.417967 0.0166016 0.0264775
0 0.699707 0.53948 0.0146484 0.0113475
0 0.413818 0.432624 0.0141602 0.0189125
0 0.416992 0.721986 0.00976562 0.0189125
0 0.869873 0.364775 0.012207 0.00992908
0 0.501953 0.47305 0.0136719 0.0174941
0 0.658203 0.51513 0.0166016 0.0174941
0 0.456543 0.678251 0.0146484 0.0137116
0 0.46875 0.72766 0.015625 0.0132388
0 0.37085 0.676596 0.0131836 0.01513
1 0.423096 0.367612 0.0161133 0.0137116
0 0.47168 0.348936 0.0166016 0.0122931
0 0.532959 0.51773 0.0200195 0.0141844
0 0.259033 0.647754 0.0112305 0.00851064
0 0.418213 0.713712 0.0102539 0.0165485
0 0.309082 0.678014 0.0126953 0.01513
1 0.365723 0.495745 0.0195312 0.0174941
1 0.490234 0.523877 0.0175781 0.0179669
0 0.49707 0.379905 0.0166016 0.0174941
0 0.299072 0.54279 0.0112305 0.0104019
0 0.230713 0.666903 0.0161133 0.0108747
0 0.645996 0.511584 0.0146484 0.0141844
1 0.546875 0.698345 0.0234375 0.0236407
0 0.320068 0.768085 0.0131836 0.00992908
0 0.309814 0.67234 0.012207 0.0141844
0 0.288086 0.508511 0.0107422 0.0118203
0 0.311523 0.409693 0.0126953 0.0108747
0 0.323975 0.482506 0.012207 0.0108747
1 0.3396 0.482742 0.0131836 0.0179669
1 0.617676 0.457447 0.0166016 0.0156028
0 0.658936 0.519149 0.0112305 0.0170213
0 0.586182 0.535225 0.0151367 0.0141844
0 0.505615 0.47896 0.0170898 0.0160757
0 0.393311 0.415603 0.0151367 0.0122931
0 0.557617 0.527423 0.015625 0.0165485
0 0.625244 0.424586 0.0102539 0.00945626
0 0.259033 0.604019 0.0112305 0.0118203
0 0.495605 0.754374 0.0117188 0.0108747
0 0.490234 0.527187 0.0166016 0.0179669
0 0.526367 0.437116 0.0166016 0.0193853
0 0.382812 0.355792 0.0126953 0.012766
0 0.287598 0.683688 0.00976562 0.0132388
0 0.190674 0.675414 0.0112305 0.00992908
0 0.410645 0.449882 0.015625 0.0156028
0 0.604248 0.513712 0.0102539 0.0108747
0 0.607178 0.437116 0.0102539 0.0118203
0 0.444824 0.447754 0.0166016 0.01513
0 0.38208 0.789125 0.012207 0.0141844
0 0.679443 0.643499 0.0151367 0.0104019
0 0.380127 0.755556 0.0102539 0.00945626
0 0.510986 0.508511 0.0141602 0.0156028
0 0.476074 0.351537 0.0117188 0.0108747
0 0.239014 0.548463 0.0112305 0.01513
0 0.341553 0.724113 0.012207 0.012766
0 0.553711 0.522222 0.0166016 0.0156028
0 0.682129 0.55792 0.015625 0.01513
0 0.256104 0.734752 0.0102539 0.0122931
0 0.443604 0.407092 0.0141602 0.0132388
0 0.452148 0.386288 0.0126953 0.0132388
0 0.361084 0.689125 0.0112305 0.00992908
0 0.377441 0.408511 0.0136719 0.0122931
0 0.406006 0.761466 0.012207 0.00992908
0 0.550293 0.497872 0.0146484 0.0132388
0 0.446777 0.52435 0.015625 0.0141844
0 0.474365 0.416548 0.0112305 0.0132388
0 0.484375 0.702364 0.0107422 0.00992908
0 0.562744 0.471868 0.0131836 0.01513
0 0.487305 0.48818 0.0126953 0.0137116
0 0.476318 0.444917 0.012207 0.0132388
