0 0.446533 0.52695 0.0151367 0.0174941
0 0.395996 0.443026 0.0117188 0.0189125
0 0.487305 0.353428 0.0126953 0.00992908
0 0.530029 0.410638 0.0170898 0.0184397
0 0.282471 0.557447 0.0131836 0.0122931
0 0.530273 0.449882 0.0214844 0.0137116
0 0.335938 0.63026 0.0185547 0.0179669
0 0.341064 0.698109 0.019043 0.0184397
0 0.489258 0.523404 0.0185547 0.0189125
0 0.398193 0.582033 0.0151367 0.0321513
0 0.435303 0.633333 0.0180664 0.020331
0 0.530273 0.460047 0.0195312 0.01513
0 0.360107 0.52435 0.0268555 0.0141844
0 0.48584 0.513239 0.0175781 0.0118203
0 0.375244 0.520095 0.0141602 0.0245863
0 0.525879 0.405437 0.0146484 0.0146572
0 0.283203 0.519622 0.0117188 0.01513
0 0.398682 0.474705 0.0112305 0.0255319
0 0.312988 0.556501 0.0136719 0.01513
1 0.312744 0.552955 0.0141602 0.0118203
0 0.403076 0.618913 0.0102539 0.0170213
0 0.437744 0.628842 0.0112305 0.0198582
0 0.406006 0.487234 0.019043 0.0184397
0 0.428955 0.52104 0.0112305 0.0132388
0 0.439453 0.413475 0.0117188 0.0108747
0 0.453613 0.367376 0.0136719 0.0132388
0 0.417236 0.481324 0.0141602 0.0170213
0 0.513916 0.522931 0.00830078 0.0104019
0 0.4104 0.479905 0.0141602 0.01513
0 0.453613 0.372577 0.0078125 0.0141844
0 0.332275 0.629787 0.0102539 0.0122931
0 0.350098 0.494326 0.00976562 0.0146572
0 0.510742 0.498582 0.0146484 0.0146572
0 0.495605 0.532388 0.0175781 0.01513
0 0.48877 0.51773 0.0126953 0.01513
0 0.439697 0.631442 0.0102539 0.0118203
0 0.532471 0.451064 0.00732422 0.0179669
0 0.535889 0.462884 0.012207 0.0132388
0 0.542236 0.501655 0.0141602 0.0132388
0 0.370605 0.668321 0.0107422 0.0146572
0 0.478271 0.381324 0.0141602 0.0146572
0 0.405762 0.622222 0.00878906 0.01513
0 0.400146 0.601655 0.0102539 0.012766
0 0.426025 0.525295 0.0102539 0.0141844
0 0.343994 0.473759 0.00927734 0.0132388
0 0.4021 0.676596 0.0131836 0.01513
0 0.508789 0.453664 0.0126953 0.0118203
0 0.398193 0.447754 0.012207 0.01513
0 0.420898 0.650118 0.0117188 0.0141844
0 0.365723 0.479669 0.0136719 0.0108747
0 0.351074 0.527896 0.0126953 0.012766
0 0.397217 0.4974 0.0141602 0.0122931
0 0.39624 0.570213 0.012207 0.01513
0 0.450195 0.524586 0.0126953 0.0146572
0 0.465088 0.439243 0.012207 0.01513
0 0.374512 0.52104 0.0117188 0.0132388
