0 0.5805288461538461 0.5204326923076923 0.019230769230769232 0.016826923076923076
0 0.6105769230769231 0.515625 0.014423076923076924 0.01201923076923077
0 0.5276442307692307 0.5516826923076923 0.016826923076923076 0.016826923076923076
0 0.6057692307692307 0.5324519230769231 0.014423076923076924 0.01201923076923077
0 0.49278846153846156 0.578125 0.009615384615384616 0.009615384615384616
0 0.5300480769230769 0.5709134615384616 0.014423076923076924 0.014423076923076924
0 0.5168269230769231 0.5757211538461539 0.01201923076923077 0.01201923076923077
0 0.5757211538461539 0.5588942307692307 0.014423076923076924 0.014423076923076924
0 0.5480769230769231 0.5673076923076923 0.01201923076923077 0.01201923076923077
0 0.48677884615384615 0.5901442307692307 0.014423076923076924 0.014423076923076924
0 0.53125 0.5853365384615384 0.009615384615384616 0.009615384615384616
0 0.5012019230769231 0.5925480769230769 0.01201923076923077 0.009615384615384616
0 0.5516826923076923 0.5841346153846154 0.014423076923076924 0.014423076923076924
0 0.5264423076923077 0.59375 0.01201923076923077 0.01201923076923077
0 0.5564903846153846 0.5949519230769231 0.01201923076923077 0.01201923076923077
0 0.6682692307692307 0.6514423076923077 0.009615384615384616 0.01201923076923077
0 0.6646634615384616 0.6586538461538461 0.01201923076923077 0.009615384615384616
0 0.6346153846153846 0.6706730769230769 0.009615384615384616 0.01201923076923077
0 0.6430288461538461 0.6694711538461539 0.01201923076923077 0.009615384615384616