0 0.4338942307692308 0.45072115384615385 0.019230769230769232 0.014423076923076924
0 0.4026442307692308 0.44471153846153844 0.01201923076923077 0.009615384615384616
0 0.49399038461538464 0.4423076923076923 0.016826923076923076 0.014423076923076924
0 0.41466346153846156 0.43028846153846156 0.01201923076923077 0.01201923076923077
0 0.5360576923076923 0.43028846153846156 0.007211538461538462 0.009615384615384616
0 0.4987980769230769 0.421875 0.01201923076923077 0.01201923076923077
0 0.5132211538461539 0.42427884615384615 0.01201923076923077 0.01201923076923077
0 0.4519230769230769 0.4170673076923077 0.014423076923076924 0.01201923076923077
0 0.4807692307692308 0.4206730769230769 0.01201923076923077 0.01201923076923077
0 0.5456730769230769 0.4206730769230769 0.01201923076923077 0.014423076923076924
0 0.5024038461538461 0.4098557692307692 0.009615384615384616 0.007211538461538462
0 0.5336538461538461 0.41346153846153844 0.009615384615384616 0.009615384615384616
0 0.484375 0.4026442307692308 0.014423076923076924 0.014423076923076924
0 0.5108173076923077 0.4026442307692308 0.009615384615384616 0.009615384615384616
0 0.4831730769230769 0.390625 0.01201923076923077 0.009615384615384616
0 0.40024038461538464 0.296875 0.009615384615384616 0.009615384615384616
0 0.4074519230769231 0.29086538461538464 0.009615384615384616 0.009615384615384616
0 0.43990384615384615 0.2920673076923077 0.007211538461538462 0.009615384615384616
0 0.43149038461538464 0.28966346153846156 0.009615384615384616 0.009615384615384616