0 0.5612980769230769 0.5564903846153846 0.019230769230769232 0.016826923076923076
0 0.5913461538461539 0.5649038461538461 0.014423076923076924 0.01201923076923077
0 0.5 0.5576923076923077 0.016826923076923076 0.016826923076923076
0 0.578125 0.578125 0.014423076923076924 0.01201923076923077
0 0.4567307692307692 0.5649038461538461 0.009615384615384616 0.009615384615384616
0 0.49278846153846156 0.5769230769230769 0.01201923076923077 0.01201923076923077
0 0.4795673076923077 0.5745192307692307 0.01201923076923077 0.01201923076923077
0 0.5384615384615384 0.5877403846153846 0.014423076923076924 0.014423076923076924
0 0.5108173076923077 0.5817307692307693 0.01201923076923077 0.01201923076923077
0 0.44591346153846156 0.5733173076923077 0.014423076923076924 0.014423076923076924
0 0.4879807692307692 0.5901442307692307 0.009615384615384616 0.009615384615384616
0 0.4579326923076923 0.5829326923076923 0.01201923076923077 0.009615384615384616
0 0.5060096153846154 0.5985576923076923 0.014423076923076924 0.014423076923076924
0 0.4795673076923077 0.5949519230769231 0.01201923076923077 0.01201923076923077
0 0.5048076923076923 0.6105769230769231 0.01201923076923077 0.009615384615384616
0 0.578125 0.7127403846153846 0.009615384615384616 0.01201923076923077
0 0.5709134615384616 0.7175480769230769 0.01201923076923077 0.009615384615384616
0 0.5384615384615384 0.7139423076923077 0.009615384615384616 0.01201923076923077
0 0.5456730769230769 0.7163461538461539 0.01201923076923077 0.009615384615384616