0 0.46875 0.5120192307692307 0.014423076923076924 0.014423076923076924
0 0.5120192307692307 0.515625 0.014423076923076924 0.014423076923076924
0 0.4110576923076923 0.4879807692307692 0.01201923076923077 0.01201923076923077
0 0.44350961538461536 0.48677884615384615 0.016826923076923076 0.016826923076923076
0 0.5096153846153846 0.4987980769230769 0.016826923076923076 0.014423076923076924
0 0.45913461538461536 0.4855769230769231 0.014423076923076924 0.014423076923076924
0 0.5685096153846154 0.4891826923076923 0.016826923076923076 0.014423076923076924
0 0.4675480769230769 0.46274038461538464 0.016826923076923076 0.014423076923076924
0 0.38100961538461536 0.4338942307692308 0.014423076923076924 0.014423076923076924
0 0.4495192307692308 0.45072115384615385 0.019230769230769232 0.016826923076923076
0 0.48677884615384615 0.4543269230769231 0.014423076923076924 0.016826923076923076
0 0.5372596153846154 0.4675480769230769 0.014423076923076924 0.014423076923076924
0 0.3713942307692308 0.4170673076923077 0.01201923076923077 0.01201923076923077
0 0.40625 0.4230769230769231 0.014423076923076924 0.016826923076923076
0 0.5252403846153846 0.43509615384615385 0.016826923076923076 0.014423076923076924
0 0.4519230769230769 0.41586538461538464 0.014423076923076924 0.016826923076923076
0 0.3942307692307692 0.40024038461538464 0.01201923076923077 0.01201923076923077
0 0.4963942307692308 0.4170673076923077 0.016826923076923076 0.014423076923076924
0 0.40865384615384615 0.39302884615384615 0.009615384615384616 0.009615384615384616
0 0.4206730769230769 0.38221153846153844 0.01201923076923077 0.01201923076923077
0 0.4495192307692308 0.3798076923076923 0.014423076923076924 0.01201923076923077
0 0.5372596153846154 0.4014423076923077 0.014423076923076924 0.016826923076923076
0 0.5240384615384616 0.39663461538461536 0.016826923076923076 0.016826923076923076
0 0.4519230769230769 0.3629807692307692 0.01201923076923077 0.01201923076923077
0 0.3870192307692308 0.6033653846153846 0.014423076923076924 0.014423076923076924
0 0.36658653846153844 0.5901442307692307 0.014423076923076924 0.014423076923076924
0 0.39783653846153844 0.5949519230769231 0.016826923076923076 0.016826923076923076
0 0.34615384615384615 0.5673076923076923 0.014423076923076924 0.014423076923076924
0 0.37259615384615385 0.5709134615384616 0.014423076923076924 0.014423076923076924
0 0.47596153846153844 0.5901442307692307 0.014423076923076924 0.014423076923076924
0 0.390625 0.5396634615384616 0.016826923076923076 0.016826923076923076
0 0.4795673076923077 0.5612980769230769 0.016826923076923076 0.016826923076923076
0 0.5024038461538461 0.5661057692307693 0.016826923076923076 0.016826923076923076
0 0.4230769230769231 0.5336538461538461 0.014423076923076924 0.014423076923076924
0 0.49158653846153844 0.5420673076923077 0.016826923076923076 0.016826923076923076