0 0.47475961538461536 0.47836538461538464 0.01201923076923077 0.01201923076923077
0 0.5168269230769231 0.4891826923076923 0.014423076923076924 0.01201923076923077
0 0.41225961538461536 0.4807692307692308 0.01201923076923077 0.01201923076923077
0 0.4423076923076923 0.49278846153846156 0.014423076923076924 0.014423076923076924
0 0.5096153846153846 0.5048076923076923 0.014423076923076924 0.014423076923076924
0 0.4567307692307692 0.4987980769230769 0.01201923076923077 0.01201923076923077
0 0.5600961538461539 0.5324519230769231 0.014423076923076924 0.014423076923076924
0 0.4567307692307692 0.5228365384615384 0.014423076923076924 0.014423076923076924
0 0.36658653846153844 0.5204326923076923 0.01201923076923077 0.01201923076923077
0 0.43509615384615385 0.5300480769230769 0.016826923076923076 0.016826923076923076
0 0.4723557692307692 0.5384615384615384 0.014423076923076924 0.014423076923076924
0 0.5228365384615384 0.5432692307692307 0.014423076923076924 0.01201923076923077
0 0.35096153846153844 0.5336538461538461 0.009615384615384616 0.01201923076923077
0 0.3858173076923077 0.5396634615384616 0.014423076923076924 0.014423076923076924
0 0.5012019230769231 0.5685096153846154 0.014423076923076924 0.014423076923076924
0 0.4254807692307692 0.5625 0.014423076923076924 0.014423076923076924
0 0.36658653846153844 0.5576923076923077 0.009615384615384616 0.01201923076923077
0 0.4675480769230769 0.5769230769230769 0.014423076923076924 0.014423076923076924
0 0.37740384615384615 0.5697115384615384 0.009615384615384616 0.009615384615384616
0 0.38461538461538464 0.5829326923076923 0.01201923076923077 0.01201923076923077
0 0.4110576923076923 0.5961538461538461 0.01201923076923077 0.01201923076923077
0 0.5012019230769231 0.6057692307692307 0.014423076923076924 0.014423076923076924
0 0.4879807692307692 0.6045673076923077 0.016826923076923076 0.016826923076923076
0 0.40865384615384615 0.6129807692307693 0.009615384615384616 0.009615384615384616
0 0.42908653846153844 0.3641826923076923 0.01201923076923077 0.01201923076923077
0 0.40625 0.36899038461538464 0.01201923076923077 0.014423076923076924
0 0.4362980769230769 0.3762019230769231 0.014423076923076924 0.014423076923076924
0 0.37740384615384615 0.38461538461538464 0.01201923076923077 0.014423076923076924
0 0.40384615384615385 0.3894230769230769 0.014423076923076924 0.01201923076923077
0 0.5084134615384616 0.40625 0.01201923076923077 0.01201923076923077
0 0.4110576923076923 0.4254807692307692 0.014423076923076924 0.014423076923076924
0 0.5024038461538461 0.43509615384615385 0.014423076923076924 0.014423076923076924
0 0.5240384615384616 0.4387019230769231 0.014423076923076924 0.014423076923076924
0 0.43990384615384615 0.4411057692307692 0.01201923076923077 0.01201923076923077
0 0.5072115384615384 0.4567307692307692 0.014423076923076924 0.014423076923076924