0 0.53125 0.5120192307692307 0.014423076923076924 0.014423076923076924
0 0.4879807692307692 0.515625 0.014423076923076924 0.014423076923076924
0 0.5889423076923077 0.48677884615384615 0.014423076923076924 0.014423076923076924
0 0.5564903846153846 0.48677884615384615 0.016826923076923076 0.016826923076923076
0 0.4891826923076923 0.4987980769230769 0.016826923076923076 0.014423076923076924
0 0.5408653846153846 0.4855769230769231 0.014423076923076924 0.014423076923076924
0 0.43149038461538464 0.49038461538461536 0.016826923076923076 0.014423076923076924
0 0.5324519230769231 0.46274038461538464 0.016826923076923076 0.014423076923076924
0 0.6177884615384616 0.4326923076923077 0.014423076923076924 0.014423076923076924
0 0.5492788461538461 0.4495192307692308 0.019230769230769232 0.016826923076923076
0 0.5132211538461539 0.4543269230769231 0.014423076923076924 0.016826923076923076
0 0.46274038461538464 0.4675480769230769 0.014423076923076924 0.014423076923076924
0 0.6262019230769231 0.41466346153846156 0.01201923076923077 0.01201923076923077
0 0.5925480769230769 0.421875 0.014423076923076924 0.016826923076923076
0 0.4735576923076923 0.4362980769230769 0.016826923076923076 0.014423076923076924
0 0.546875 0.41466346153846156 0.014423076923076924 0.016826923076923076
0 0.6033653846153846 0.39903846153846156 0.01201923076923077 0.01201923076923077
0 0.5024038461538461 0.4170673076923077 0.016826923076923076 0.014423076923076924
0 0.5889423076923077 0.3918269230769231 0.009615384615384616 0.009615384615384616
0 0.578125 0.38100961538461536 0.014423076923076924 0.014423076923076924
0 0.5480769230769231 0.3786057692307692 0.014423076923076924 0.01201923076923077
0 0.46153846153846156 0.4026442307692308 0.014423076923076924 0.016826923076923076
0 0.4735576923076923 0.39783653846153844 0.016826923076923076 0.016826923076923076
0 0.5456730769230769 0.36177884615384615 0.01201923076923077 0.01201923076923077
0 0.6141826923076923 0.6009615384615384 0.014423076923076924 0.014423076923076924
0 0.6346153846153846 0.5889423076923077 0.014423076923076924 0.014423076923076924
0 0.6033653846153846 0.5925480769230769 0.016826923076923076 0.016826923076923076
0 0.6550480769230769 0.5637019230769231 0.014423076923076924 0.014423076923076924
0 0.6286057692307693 0.5685096153846154 0.014423076923076924 0.014423076923076924
0 0.5252403846153846 0.5901442307692307 0.014423076923076924 0.014423076923076924
0 0.609375 0.5372596153846154 0.016826923076923076 0.016826923076923076
0 0.5216346153846154 0.5612980769230769 0.016826923076923076 0.016826923076923076
0 0.4987980769230769 0.5661057692307693 0.016826923076923076 0.016826923076923076
0 0.5769230769230769 0.5324519230769231 0.014423076923076924 0.014423076923076924
0 0.5084134615384616 0.5420673076923077 0.016826923076923076 0.016826923076923076