0 0.5528846153846154 0.5084134615384616 0.016826923076923076 0.01201923076923077
0 0.6153846153846154 0.4807692307692308 0.016826923076923076 0.016826923076923076
0 0.5637019230769231 0.4795673076923077 0.016826923076923076 0.014423076923076924
0 0.5889423076923077 0.4735576923076923 0.016826923076923076 0.01201923076923077
0 0.6454326923076923 0.46153846153846156 0.016826923076923076 0.019230769230769232
0 0.5456730769230769 0.4651442307692308 0.016826923076923076 0.016826923076923076
0 0.6081730769230769 0.44471153846153844 0.014423076923076924 0.014423076923076924
0 0.5709134615384616 0.4387019230769231 0.014423076923076924 0.01201923076923077
0 0.5480769230769231 0.4375 0.016826923076923076 0.014423076923076924
0 0.5600961538461539 0.4182692307692308 0.016826923076923076 0.014423076923076924
0 0.6105769230769231 0.3701923076923077 0.016826923076923076 0.016826923076923076
0 0.59375 0.3701923076923077 0.019230769230769232 0.016826923076923076
0 0.6766826923076923 0.34375 0.019230769230769232 0.016826923076923076
0 0.5769230769230769 0.34134615384615385 0.014423076923076924 0.016826923076923076
0 0.6069711538461539 0.3233173076923077 0.016826923076923076 0.016826923076923076
0 0.578125 0.3161057692307692 0.019230769230769232 0.019230769230769232
0 0.5697115384615384 0.5240384615384616 0.014423076923076924 0.014423076923076924