0 0.546875 0.5252403846153846 0.016826923076923076 0.014423076923076924
0 0.6153846153846154 0.5192307692307693 0.016826923076923076 0.016826923076923076
0 0.5661057692307693 0.5012019230769231 0.016826923076923076 0.016826923076923076
0 0.5925480769230769 0.5036057692307693 0.016826923076923076 0.014423076923076924
0 0.6502403846153846 0.5108173076923077 0.016826923076923076 0.019230769230769232
0 0.5552884615384616 0.48197115384615385 0.019230769230769232 0.016826923076923076
0 0.6201923076923077 0.4831730769230769 0.014423076923076924 0.016826923076923076
0 0.5865384615384616 0.4651442307692308 0.016826923076923076 0.014423076923076924
0 0.5661057692307693 0.45552884615384615 0.019230769230769232 0.016826923076923076
0 0.5829326923076923 0.4423076923076923 0.019230769230769232 0.016826923076923076
0 0.6466346153846154 0.41346153846153844 0.016826923076923076 0.016826923076923076
0 0.6310096153846154 0.40865384615384615 0.019230769230769232 0.019230769230769232
0 0.71875 0.4098557692307692 0.019230769230769232 0.016826923076923076
0 0.6237980769230769 0.375 0.016826923076923076 0.019230769230769232
0 0.6586538461538461 0.36778846153846156 0.016826923076923076 0.019230769230769232
0 0.6346153846153846 0.35216346153846156 0.021634615384615384 0.021634615384615384
0 0.5588942307692307 0.5456730769230769 0.016826923076923076 0.016826923076923076