0 0.5540865384615384 0.5 0.016826923076923076 0.014423076923076924
0 0.6105769230769231 0.5396634615384616 0.016826923076923076 0.016826923076923076
0 0.5588942307692307 0.5300480769230769 0.016826923076923076 0.016826923076923076
0 0.5829326923076923 0.5408653846153846 0.016826923076923076 0.014423076923076924
0 0.6370192307692307 0.5625 0.019230769230769232 0.019230769230769232
0 0.5396634615384616 0.5420673076923077 0.019230769230769232 0.019230769230769232
0 0.5961538461538461 0.5733173076923077 0.014423076923076924 0.016826923076923076
0 0.5588942307692307 0.5733173076923077 0.016826923076923076 0.014423076923076924
0 0.5360576923076923 0.5709134615384616 0.019230769230769232 0.016826923076923076
0 0.5456730769230769 0.5901442307692307 0.019230769230769232 0.016826923076923076
0 0.5865384615384616 0.6478365384615384 0.016826923076923076 0.016826923076923076
0 0.5697115384615384 0.6442307692307693 0.021634615384615384 0.019230769230769232
0 0.6466346153846154 0.6850961538461539 0.019230769230769232 0.019230769230769232
0 0.5480769230769231 0.6694711538461539 0.016826923076923076 0.019230769230769232
0 0.5745192307692307 0.6923076923076923 0.019230769230769232 0.019230769230769232
0 0.5456730769230769 0.6947115384615384 0.021634615384615384 0.021634615384615384
0 0.5733173076923077 0.4879807692307692 0.016826923076923076 0.016826923076923076