0 0.5949519230769231 0.53125 0.014423076923076924 0.014423076923076924
0 0.6286057692307693 0.5348557692307693 0.019230769230769232 0.016826923076923076
0 0.44591346153846156 0.5012019230769231 0.014423076923076924 0.014423076923076924
0 0.41947115384615385 0.47475961538461536 0.016826923076923076 0.016826923076923076
0 0.5480769230769231 0.484375 0.014423076923076924 0.016826923076923076
0 0.5336538461538461 0.4110576923076923 0.016826923076923076 0.019230769230769232
0 0.40865384615384615 0.6298076923076923 0.014423076923076924 0.014423076923076924
0 0.43149038461538464 0.6117788461538461 0.01201923076923077 0.016826923076923076
0 0.41466346153846156 0.6057692307692307 0.014423076923076924 0.016826923076923076
0 0.4567307692307692 0.6021634615384616 0.014423076923076924 0.01201923076923077
0 0.3557692307692308 0.578125 0.016826923076923076 0.014423076923076924
0 0.33052884615384615 0.5697115384615384 0.016826923076923076 0.014423076923076924
0 0.3786057692307692 0.5769230769230769 0.014423076923076924 0.014423076923076924
0 0.4543269230769231 0.5769230769230769 0.009615384615384616 0.009615384615384616
0 0.38221153846153844 0.5649038461538461 0.016826923076923076 0.01201923076923077
0 0.4026442307692308 0.5637019230769231 0.01201923076923077 0.014423076923076924
0 0.4987980769230769 0.578125 0.014423076923076924 0.014423076923076924
0 0.43509615384615385 0.5588942307692307 0.01201923076923077 0.014423076923076924
0 0.6237980769230769 0.5865384615384616 0.016826923076923076 0.019230769230769232
0 0.34134615384615385 0.5396634615384616 0.019230769230769232 0.014423076923076924
0 0.4050480769230769 0.5420673076923077 0.01201923076923077 0.014423076923076924
0 0.44350961538461536 0.5480769230769231 0.014423076923076924 0.014423076923076924
0 0.5552884615384616 0.5649038461538461 0.01201923076923077 0.014423076923076924
0 0.5697115384615384 0.5612980769230769 0.016826923076923076 0.014423076923076924
0 0.4375 0.5360576923076923 0.014423076923076924 0.019230769230769232
0 0.609375 0.5625 0.016826923076923076 0.016826923076923076
0 0.6418269230769231 0.5552884615384616 0.016826923076923076 0.014423076923076924
0 0.6610576923076923 0.5540865384615384 0.014423076923076924 0.016826923076923076
0 0.5444711538461539 0.5360576923076923 0.014423076923076924 0.01201923076923077
0 0.45552884615384615 0.5204326923076923 0.019230769230769232 0.016826923076923076