0 0.40024038461538464 0.5108173076923077 0.014423076923076924 0.01201923076923077
0 0.36778846153846156 0.5072115384615384 0.016826923076923076 0.014423076923076924
0 0.5528846153846154 0.5120192307692307 0.014423076923076924 0.01201923076923077
0 0.5829326923076923 0.49278846153846156 0.014423076923076924 0.014423076923076924
0 0.4567307692307692 0.47475961538461536 0.014423076923076924 0.014423076923076924
0 0.4855769230769231 0.40625 0.014423076923076924 0.019230769230769232
0 0.5625 0.6466346153846154 0.01201923076923077 0.014423076923076924
0 0.5444711538461539 0.6237980769230769 0.01201923076923077 0.014423076923076924
0 0.5612980769230769 0.6213942307692307 0.01201923076923077 0.014423076923076924
0 0.5204326923076923 0.609375 0.01201923076923077 0.009615384615384616
0 0.625 0.6069711538461539 0.016826923076923076 0.014423076923076924
0 0.6514423076923077 0.6033653846153846 0.014423076923076924 0.01201923076923077
0 0.6033653846153846 0.6009615384615384 0.01201923076923077 0.01201923076923077
0 0.5288461538461539 0.5841346153846154 0.009615384615384616 0.007211538461538462
0 0.6009615384615384 0.5889423076923077 0.014423076923076924 0.01201923076923077
0 0.5817307692307693 0.5829326923076923 0.009615384615384616 0.01201923076923077
0 0.4855769230769231 0.5757211538461539 0.014423076923076924 0.014423076923076924
0 0.5516826923076923 0.5709134615384616 0.01201923076923077 0.01201923076923077
0 0.3605769230769231 0.5588942307692307 0.014423076923076924 0.019230769230769232
0 0.6466346153846154 0.5709134615384616 0.016826923076923076 0.01201923076923077
0 0.5841346153846154 0.5612980769230769 0.01201923076923077 0.014423076923076924
0 0.5444711538461539 0.5588942307692307 0.014423076923076924 0.014423076923076924
0 0.4326923076923077 0.5516826923076923 0.01201923076923077 0.014423076923076924
0 0.41947115384615385 0.5456730769230769 0.016826923076923076 0.014423076923076924
0 0.5540865384615384 0.5480769230769231 0.01201923076923077 0.016826923076923076
0 0.3798076923076923 0.5384615384615384 0.014423076923076924 0.016826923076923076
0 0.34975961538461536 0.5240384615384616 0.014423076923076924 0.01201923076923077
0 0.3317307692307692 0.5204326923076923 0.014423076923076924 0.016826923076923076
0 0.4495192307692308 0.5264423076923077 0.014423076923076924 0.01201923076923077
0 0.5396634615384616 0.5300480769230769 0.016826923076923076 0.014423076923076924