0 0.5985576923076923 0.5168269230769231 0.014423076923076924 0.01201923076923077
0 0.6322115384615384 0.5168269230769231 0.016826923076923076 0.014423076923076924
0 0.44711538461538464 0.5084134615384616 0.014423076923076924 0.01201923076923077
0 0.4170673076923077 0.48677884615384615 0.014423076923076924 0.014423076923076924
0 0.5444711538461539 0.47836538461538464 0.014423076923076924 0.014423076923076924
0 0.5204326923076923 0.4074519230769231 0.014423076923076924 0.019230769230769232
0 0.42788461538461536 0.6418269230769231 0.01201923076923077 0.014423076923076924
0 0.44711538461538464 0.6201923076923077 0.01201923076923077 0.014423076923076924
0 0.43028846153846156 0.6165865384615384 0.01201923076923077 0.014423076923076924
0 0.47115384615384615 0.6081730769230769 0.01201923076923077 0.009615384615384616
0 0.36899038461538464 0.5973557692307693 0.016826923076923076 0.014423076923076924
0 0.3425480769230769 0.5925480769230769 0.014423076923076924 0.01201923076923077
0 0.390625 0.5925480769230769 0.01201923076923077 0.01201923076923077
0 0.4651442307692308 0.5829326923076923 0.009615384615384616 0.007211538461538462
0 0.39302884615384615 0.5805288461538461 0.014423076923076924 0.01201923076923077
0 0.41225961538461536 0.5769230769230769 0.009615384615384616 0.01201923076923077
0 0.5096153846153846 0.5769230769230769 0.014423076923076924 0.014423076923076924
0 0.44350961538461536 0.5673076923076923 0.01201923076923077 0.01201923076923077
0 0.6346153846153846 0.5685096153846154 0.014423076923076924 0.019230769230769232
0 0.3485576923076923 0.5612980769230769 0.016826923076923076 0.01201923076923077
0 0.4110576923076923 0.5552884615384616 0.01201923076923077 0.014423076923076924
0 0.45072115384615385 0.5552884615384616 0.014423076923076924 0.014423076923076924
0 0.5637019230769231 0.5564903846153846 0.01201923076923077 0.014423076923076924
0 0.5769230769230769 0.5504807692307693 0.016826923076923076 0.014423076923076924
0 0.4423076923076923 0.5444711538461539 0.01201923076923077 0.016826923076923076
0 0.6165865384615384 0.546875 0.014423076923076924 0.016826923076923076
0 0.6490384615384616 0.5348557692307693 0.014423076923076924 0.01201923076923077
0 0.6670673076923077 0.53125 0.014423076923076924 0.016826923076923076
0 0.5492788461538461 0.5300480769230769 0.014423076923076924 0.01201923076923077
0 0.45913461538461536 0.5264423076923077 0.016826923076923076 0.014423076923076924