0 0.5480769230769231 0.46033653846153844 0.014423076923076924 0.01201923076923077
0 0.41466346153846156 0.5084134615384616 0.019230769230769232 0.019230769230769232
0 0.6262019230769231 0.46033653846153844 0.016826923076923076 0.016826923076923076
0 0.4206730769230769 0.5288461538461539 0.016826923076923076 0.016826923076923076
0 0.5348557692307693 0.5024038461538461 0.014423076923076924 0.01201923076923077
0 0.359375 0.5552884615384616 0.016826923076923076 0.016826923076923076
0 0.6298076923076923 0.4831730769230769 0.014423076923076924 0.01201923076923077
0 0.3954326923076923 0.5673076923076923 0.016826923076923076 0.016826923076923076
0 0.4675480769230769 0.5480769230769231 0.01201923076923077 0.01201923076923077
0 0.48677884615384615 0.546875 0.014423076923076924 0.014423076923076924
0 0.3485576923076923 0.5889423076923077 0.014423076923076924 0.01201923076923077
0 0.41947115384615385 0.5721153846153846 0.016826923076923076 0.014423076923076924
0 0.3389423076923077 0.6069711538461539 0.019230769230769232 0.016826923076923076
0 0.46634615384615385 0.578125 0.014423076923076924 0.014423076923076924
0 0.46033653846153844 0.5925480769230769 0.009615384615384616 0.009615384615384616
0 0.4375 0.6009615384615384 0.014423076923076924 0.01201923076923077
0 0.4182692307692308 0.6237980769230769 0.014423076923076924 0.009615384615384616
0 0.453125 0.35336538461538464 0.016826923076923076 0.016826923076923076
0 0.41346153846153844 0.38341346153846156 0.014423076923076924 0.014423076923076924
0 0.5168269230769231 0.36778846153846156 0.014423076923076924 0.016826923076923076
0 0.5348557692307693 0.3870192307692308 0.014423076923076924 0.014423076923076924
0 0.6634615384615384 0.35697115384615385 0.016826923076923076 0.014423076923076924
0 0.421875 0.43028846153846156 0.014423076923076924 0.014423076923076924
0 0.5144230769230769 0.40384615384615385 0.014423076923076924 0.016826923076923076
0 0.6418269230769231 0.36538461538461536 0.019230769230769232 0.014423076923076924
0 0.5637019230769231 0.3918269230769231 0.01201923076923077 0.01201923076923077
0 0.4735576923076923 0.42427884615384615 0.014423076923076924 0.01201923076923077
0 0.6213942307692307 0.3798076923076923 0.014423076923076924 0.014423076923076924
0 0.4110576923076923 0.44711538461538464 0.016826923076923076 0.014423076923076924
0 0.65625 0.37740384615384615 0.014423076923076924 0.014423076923076924
0 0.5324519230769231 0.41947115384615385 0.016826923076923076 0.016826923076923076
0 0.46634615384615385 0.44591346153846156 0.014423076923076924 0.014423076923076924
0 0.6334134615384616 0.39903846153846156 0.016826923076923076 0.014423076923076924
0 0.6177884615384616 0.4110576923076923 0.014423076923076924 0.014423076923076924
0 0.4699519230769231 0.4567307692307692 0.016826923076923076 0.014423076923076924
0 0.40024038461538464 0.4831730769230769 0.016826923076923076 0.019230769230769232
0 0.5228365384615384 0.44471153846153844 0.014423076923076924 0.016826923076923076
0 0.5600961538461539 0.4387019230769231 0.014423076923076924 0.014423076923076924
0 0.5036057692307693 0.45552884615384615 0.016826923076923076 0.014423076923076924
0 0.6141826923076923 0.4254807692307692 0.014423076923076924 0.01201923076923077
0 0.5817307692307693 0.44591346153846156 0.014423076923076924 0.01201923076923077