0 0.4387019230769231 0.5108173076923077 0.014423076923076924 0.01201923076923077
0 0.578125 0.5348557692307693 0.019230769230769232 0.016826923076923076
0 0.3713942307692308 0.47115384615384615 0.016826923076923076 0.014423076923076924
0 0.5829326923076923 0.5144230769230769 0.016826923076923076 0.016826923076923076
0 0.47115384615384615 0.4807692307692308 0.014423076923076924 0.01201923076923077
0 0.6490384615384616 0.5216346153846154 0.016826923076923076 0.016826923076923076
0 0.3798076923076923 0.4495192307692308 0.014423076923076924 0.01201923076923077
0 0.625 0.49399038461538464 0.016826923076923076 0.016826923076923076
0 0.5516826923076923 0.47475961538461536 0.01201923076923077 0.01201923076923077
0 0.5348557692307693 0.46634615384615385 0.014423076923076924 0.014423076923076924
0 0.6754807692307693 0.4987980769230769 0.014423076923076924 0.01201923076923077
0 0.6057692307692307 0.47716346153846156 0.014423076923076924 0.014423076923076924
0 0.6923076923076923 0.4879807692307692 0.019230769230769232 0.014423076923076924
0 0.5685096153846154 0.4495192307692308 0.014423076923076924 0.014423076923076924
0 0.5805288461538461 0.43990384615384615 0.009615384615384616 0.009615384615384616
0 0.6045673076923077 0.44350961538461536 0.014423076923076924 0.01201923076923077
0 0.6322115384615384 0.4326923076923077 0.014423076923076924 0.009615384615384616
0 0.4675480769230769 0.6502403846153846 0.016826923076923076 0.016826923076923076
0 0.515625 0.6442307692307693 0.014423076923076924 0.014423076923076924
0 0.41947115384615385 0.6057692307692307 0.014423076923076924 0.014423076923076924
0 0.41346153846153844 0.5805288461538461 0.014423076923076924 0.014423076923076924
0 0.28725961538461536 0.5420673076923077 0.014423076923076924 0.014423076923076924
0 0.5324519230769231 0.5985576923076923 0.01201923076923077 0.01201923076923077
0 0.4387019230769231 0.5757211538461539 0.014423076923076924 0.014423076923076924
0 0.3088942307692308 0.5456730769230769 0.016826923076923076 0.014423076923076924
0 0.390625 0.5625 0.01201923076923077 0.01201923076923077
0 0.484375 0.5793269230769231 0.014423076923076924 0.01201923076923077
0 0.33413461538461536 0.5432692307692307 0.014423076923076924 0.014423076923076924
0 0.5504807692307693 0.5901442307692307 0.014423076923076924 0.014423076923076924
0 0.30288461538461536 0.5288461538461539 0.014423076923076924 0.014423076923076924
0 0.4326923076923077 0.5528846153846154 0.016826923076923076 0.016826923076923076
0 0.5024038461538461 0.5637019230769231 0.014423076923076924 0.014423076923076924
0 0.33413461538461536 0.5204326923076923 0.014423076923076924 0.014423076923076924
0 0.35336538461538464 0.5180288461538461 0.014423076923076924 0.014423076923076924
0 0.5036057692307693 0.5528846153846154 0.014423076923076924 0.014423076923076924
0 0.578125 0.5649038461538461 0.016826923076923076 0.019230769230769232
0 0.4519230769230769 0.5360576923076923 0.014423076923076924 0.016826923076923076
0 0.4170673076923077 0.5228365384615384 0.014423076923076924 0.014423076923076924
0 0.47475961538461536 0.5360576923076923 0.016826923076923076 0.014423076923076924
0 0.3641826923076923 0.5072115384615384 0.014423076923076924 0.01201923076923077
0 0.4026442307692308 0.5060096153846154 0.014423076923076924 0.01201923076923077