0 0.4423076923076923 0.5252403846153846 0.014423076923076924 0.009615384615384616
0 0.5841346153846154 0.515625 0.016826923076923076 0.014423076923076924
0 0.36778846153846156 0.5036057692307693 0.014423076923076924 0.01201923076923077
0 0.5841346153846154 0.49399038461538464 0.014423076923076924 0.014423076923076924
0 0.4675480769230769 0.4879807692307692 0.014423076923076924 0.009615384615384616
0 0.6502403846153846 0.4855769230769231 0.014423076923076924 0.014423076923076924
0 0.3713942307692308 0.4807692307692308 0.01201923076923077 0.009615384615384616
0 0.6189903846153846 0.4639423076923077 0.014423076923076924 0.014423076923076924
0 0.5432692307692307 0.46274038461538464 0.009615384615384616 0.009615384615384616
0 0.5252403846153846 0.45913461538461536 0.01201923076923077 0.01201923076923077
0 0.6694711538461539 0.4567307692307692 0.014423076923076924 0.009615384615384616
0 0.5973557692307693 0.453125 0.014423076923076924 0.01201923076923077
0 0.6838942307692307 0.4411057692307692 0.016826923076923076 0.01201923076923077
0 0.5540865384615384 0.4338942307692308 0.01201923076923077 0.01201923076923077
0 0.5637019230769231 0.421875 0.009615384615384616 0.009615384615384616
0 0.5877403846153846 0.4206730769230769 0.014423076923076924 0.009615384615384616
0 0.6129807692307693 0.4026442307692308 0.01201923076923077 0.007211538461538462
0 0.5048076923076923 0.6538461538461539 0.014423076923076924 0.014423076923076924
0 0.5504807692307693 0.6358173076923077 0.01201923076923077 0.01201923076923077
0 0.4483173076923077 0.6225961538461539 0.01201923076923077 0.014423076923076924
0 0.43509615384615385 0.5985576923076923 0.01201923076923077 0.01201923076923077
0 0.30288461538461536 0.5925480769230769 0.014423076923076924 0.01201923076923077
0 0.5552884615384616 0.5877403846153846 0.01201923076923077 0.01201923076923077
0 0.45913461538461536 0.5889423076923077 0.01201923076923077 0.014423076923076924
0 0.32572115384615385 0.5913461538461539 0.016826923076923076 0.01201923076923077
0 0.40865384615384615 0.5865384615384616 0.009615384615384616 0.009615384615384616
0 0.5036057692307693 0.5805288461538461 0.014423076923076924 0.009615384615384616
0 0.34975961538461536 0.5817307692307693 0.01201923076923077 0.01201923076923077
0 0.5709134615384616 0.5757211538461539 0.014423076923076924 0.01201923076923077
0 0.3161057692307692 0.5757211538461539 0.01201923076923077 0.01201923076923077
0 0.44711538461538464 0.5685096153846154 0.014423076923076924 0.014423076923076924
0 0.5180288461538461 0.5612980769230769 0.01201923076923077 0.01201923076923077
0 0.34375 0.5600961538461539 0.014423076923076924 0.01201923076923077
0 0.3629807692307692 0.5528846153846154 0.01201923076923077 0.01201923076923077
0 0.5168269230769231 0.5504807692307693 0.014423076923076924 0.01201923076923077
0 0.5913461538461539 0.5444711538461539 0.014423076923076924 0.016826923076923076
0 0.46274038461538464 0.546875 0.01201923076923077 0.014423076923076924
0 0.4254807692307692 0.5420673076923077 0.01201923076923077 0.01201923076923077
0 0.484375 0.5408653846153846 0.014423076923076924 0.01201923076923077
0 0.3701923076923077 0.5396634615384616 0.01201923076923077 0.009615384615384616
0 0.40625 0.5288461538461539 0.01201923076923077 0.009615384615384616