0 0.28966346153846156 0.4579326923076923 0.016826923076923076 0.014423076923076924
0 0.359375 0.4723557692307692 0.016826923076923076 0.016826923076923076
0 0.2620192307692308 0.44591346153846156 0.016826923076923076 0.014423076923076924
0 0.41466346153846156 0.47836538461538464 0.014423076923076924 0.014423076923076924
0 0.30408653846153844 0.4362980769230769 0.019230769230769232 0.016826923076923076
0 0.30649038461538464 0.4254807692307692 0.014423076923076924 0.014423076923076924
0 0.3317307692307692 0.42908653846153844 0.016826923076923076 0.014423076923076924
0 0.4182692307692308 0.4411057692307692 0.019230769230769232 0.019230769230769232
0 0.3713942307692308 0.4230769230769231 0.014423076923076924 0.014423076923076924
0 0.3485576923076923 0.4110576923076923 0.019230769230769232 0.019230769230769232
0 0.43149038461538464 0.421875 0.019230769230769232 0.019230769230769232
0 0.3112980769230769 0.6682692307692307 0.016826923076923076 0.016826923076923076
0 0.3942307692307692 0.6754807692307693 0.021634615384615384 0.016826923076923076
0 0.3641826923076923 0.6646634615384616 0.019230769230769232 0.014423076923076924
0 0.3088942307692308 0.6490384615384616 0.016826923076923076 0.014423076923076924
0 0.3473557692307692 0.6526442307692307 0.016826923076923076 0.014423076923076924
0 0.3762019230769231 0.6418269230769231 0.016826923076923076 0.016826923076923076
0 0.3245192307692308 0.6213942307692307 0.016826923076923076 0.016826923076923076
0 0.40384615384615385 0.6382211538461539 0.016826923076923076 0.019230769230769232
0 0.2920673076923077 0.6081730769230769 0.019230769230769232 0.014423076923076924
0 0.3786057692307692 0.6069711538461539 0.016826923076923076 0.014423076923076924
0 0.3401442307692308 0.5853365384615384 0.019230769230769232 0.016826923076923076
0 0.25600961538461536 0.5600961538461539 0.016826923076923076 0.016826923076923076
0 0.3545673076923077 0.5745192307692307 0.019230769230769232 0.019230769230769232
0 0.265625 0.5432692307692307 0.014423076923076924 0.016826923076923076
0 0.3786057692307692 0.5661057692307693 0.014423076923076924 0.014423076923076924
0 0.3004807692307692 0.5384615384615384 0.014423076923076924 0.016826923076923076
0 0.28125 0.5264423076923077 0.016826923076923076 0.01201923076923077
0 0.35216346153846156 0.5276442307692307 0.016826923076923076 0.016826923076923076
0 0.31971153846153844 0.515625 0.016826923076923076 0.014423076923076924
0 0.3473557692307692 0.5072115384615384 0.014423076923076924 0.014423076923076924
0 0.2956730769230769 0.4855769230769231 0.014423076923076924 0.014423076923076924
0 0.3317307692307692 0.4951923076923077 0.014423076923076924 0.014423076923076924
0 0.28125 0.47716346153846156 0.016826923076923076 0.014423076923076924