0 0.7139423076923077 0.5168269230769231 0.014423076923076924 0.01201923076923077
0 0.6430288461538461 0.5120192307692307 0.014423076923076924 0.014423076923076924
0 0.7439903846153846 0.5132211538461539 0.014423076923076924 0.01201923076923077
0 0.5877403846153846 0.5036057692307693 0.01201923076923077 0.01201923076923077
0 0.7055288461538461 0.49278846153846156 0.016826923076923076 0.014423076923076924
0 0.7067307692307693 0.48197115384615385 0.014423076923076924 0.01201923076923077
0 0.6814903846153846 0.47836538461538464 0.014423076923076924 0.01201923076923077
0 0.5949519230769231 0.46634615384615385 0.016826923076923076 0.016826923076923076
0 0.6442307692307693 0.46153846153846156 0.014423076923076924 0.01201923076923077
0 0.6694711538461539 0.4567307692307692 0.016826923076923076 0.016826923076923076
0 0.5877403846153846 0.44471153846153844 0.016826923076923076 0.016826923076923076
0 0.6346153846153846 0.7139423076923077 0.014423076923076924 0.014423076923076924
0 0.5528846153846154 0.6983173076923077 0.019230769230769232 0.014423076923076924
0 0.5853365384615384 0.6959134615384616 0.016826923076923076 0.01201923076923077
0 0.6418269230769231 0.6959134615384616 0.014423076923076924 0.01201923076923077
0 0.6057692307692307 0.6887019230769231 0.014423076923076924 0.01201923076923077
0 0.5793269230769231 0.6694711538461539 0.014423076923076924 0.014423076923076924
0 0.6346153846153846 0.6646634615384616 0.014423076923076924 0.014423076923076924
0 0.5540865384615384 0.6598557692307693 0.014423076923076924 0.016826923076923076
0 0.6694711538461539 0.6610576923076923 0.016826923076923076 0.01201923076923077
0 0.5865384615384616 0.6370192307692307 0.014423076923076924 0.01201923076923077
0 0.6298076923076923 0.6262019230769231 0.016826923076923076 0.01201923076923077
0 0.7175480769230769 0.625 0.014423076923076924 0.014423076923076924
0 0.6189903846153846 0.6117788461538461 0.014423076923076924 0.016826923076923076
0 0.7139423076923077 0.6057692307692307 0.01201923076923077 0.014423076923076924
0 0.5985576923076923 0.5973557692307693 0.014423076923076924 0.01201923076923077
0 0.6802884615384616 0.5913461538461539 0.01201923076923077 0.014423076923076924
0 0.703125 0.5853365384615384 0.014423076923076924 0.009615384615384616
0 0.6346153846153846 0.5673076923076923 0.014423076923076924 0.014423076923076924
0 0.6682692307692307 0.5649038461538461 0.014423076923076924 0.01201923076923077
0 0.6454326923076923 0.5492788461538461 0.01201923076923077 0.01201923076923077
0 0.7007211538461539 0.5432692307692307 0.01201923076923077 0.01201923076923077
0 0.6634615384615384 0.5420673076923077 0.01201923076923077 0.01201923076923077
0 0.7163461538461539 0.5384615384615384 0.014423076923076924 0.01201923076923077