0 0.2860576923076923 0.48677884615384615 0.014423076923076924 0.01201923076923077
0 0.35697115384615385 0.49038461538461536 0.014423076923076924 0.014423076923076924
0 0.25600961538461536 0.49038461538461536 0.014423076923076924 0.01201923076923077
0 0.41225961538461536 0.4987980769230769 0.01201923076923077 0.01201923076923077
0 0.29447115384615385 0.5108173076923077 0.016826923076923076 0.014423076923076924
0 0.29447115384615385 0.5216346153846154 0.014423076923076924 0.01201923076923077
0 0.31971153846153844 0.5240384615384616 0.014423076923076924 0.01201923076923077
0 0.4050480769230769 0.5360576923076923 0.016826923076923076 0.016826923076923076
0 0.3557692307692308 0.5408653846153846 0.014423076923076924 0.01201923076923077
0 0.33052884615384615 0.546875 0.016826923076923076 0.016826923076923076
0 0.41346153846153844 0.5576923076923077 0.016826923076923076 0.016826923076923076
0 0.36177884615384615 0.28846153846153844 0.014423076923076924 0.014423076923076924
0 0.44350961538461536 0.30288461538461536 0.019230769230769232 0.014423076923076924
0 0.4110576923076923 0.30649038461538464 0.016826923076923076 0.01201923076923077
0 0.3545673076923077 0.30649038461538464 0.014423076923076924 0.01201923076923077
0 0.3918269230769231 0.3125 0.014423076923076924 0.01201923076923077
0 0.4170673076923077 0.3317307692307692 0.014423076923076924 0.014423076923076924
0 0.36177884615384615 0.33774038461538464 0.014423076923076924 0.014423076923076924
0 0.4423076923076923 0.34134615384615385 0.014423076923076924 0.016826923076923076
0 0.3269230769230769 0.34134615384615385 0.016826923076923076 0.01201923076923077
0 0.4110576923076923 0.36538461538461536 0.014423076923076924 0.01201923076923077
0 0.36778846153846156 0.3762019230769231 0.016826923076923076 0.01201923076923077
0 0.2800480769230769 0.3786057692307692 0.014423076923076924 0.014423076923076924
0 0.3798076923076923 0.390625 0.014423076923076924 0.016826923076923076
0 0.28365384615384615 0.39783653846153844 0.01201923076923077 0.014423076923076924
0 0.39903846153846156 0.4050480769230769 0.014423076923076924 0.01201923076923077
0 0.3173076923076923 0.4110576923076923 0.01201923076923077 0.014423076923076924
0 0.2956730769230769 0.4182692307692308 0.014423076923076924 0.009615384615384616
0 0.3641826923076923 0.43509615384615385 0.014423076923076924 0.014423076923076924
0 0.33052884615384615 0.4387019230769231 0.014423076923076924 0.01201923076923077
0 0.3545673076923077 0.453125 0.01201923076923077 0.01201923076923077
0 0.29927884615384615 0.46033653846153844 0.01201923076923077 0.01201923076923077
0 0.33653846153846156 0.46153846153846156 0.01201923076923077 0.01201923076923077
0 0.2824519230769231 0.4651442307692308 0.014423076923076924 0.01201923076923077