0 0.421875 0.5060096153846154 0.01201923076923077 0.01201923076923077
0 0.6947115384615384 0.4519230769230769 0.014423076923076924 0.014423076923076924
0 0.3329326923076923 0.5276442307692307 0.014423076923076924 0.014423076923076924
0 0.6706730769230769 0.46153846153846156 0.014423076923076924 0.014423076923076924
0 0.5877403846153846 0.4807692307692308 0.01201923076923077 0.01201923076923077
0 0.3762019230769231 0.5216346153846154 0.014423076923076924 0.014423076923076924
0 0.6262019230769231 0.47475961538461536 0.014423076923076924 0.014423076923076924
0 0.41586538461538464 0.5168269230769231 0.009615384615384616 0.009615384615384616
0 0.3173076923076923 0.5372596153846154 0.016826923076923076 0.019230769230769232
0 0.6478365384615384 0.4735576923076923 0.014423076923076924 0.014423076923076924
0 0.6165865384615384 0.49038461538461536 0.016826923076923076 0.016826923076923076
0 0.5456730769230769 0.5048076923076923 0.019230769230769232 0.016826923076923076
0 0.4807692307692308 0.5180288461538461 0.01201923076923077 0.014423076923076924
0 0.29447115384615385 0.5576923076923077 0.01201923076923077 0.009615384615384616
0 0.3125 0.5576923076923077 0.014423076923076924 0.01201923076923077
0 0.38341346153846156 0.5480769230769231 0.014423076923076924 0.014423076923076924
0 0.42427884615384615 0.5420673076923077 0.014423076923076924 0.014423076923076924
0 0.5757211538461539 0.5192307692307693 0.014423076923076924 0.014423076923076924
0 0.4110576923076923 0.5540865384615384 0.01201923076923077 0.009615384615384616
0 0.4795673076923077 0.5408653846153846 0.01201923076923077 0.014423076923076924
0 0.515625 0.5372596153846154 0.01201923076923077 0.01201923076923077
0 0.6141826923076923 0.5216346153846154 0.016826923076923076 0.016826923076923076
0 0.4495192307692308 0.5564903846153846 0.01201923076923077 0.014423076923076924
0 0.546875 0.5408653846153846 0.01201923076923077 0.01201923076923077
0 0.6322115384615384 0.5252403846153846 0.016826923076923076 0.016826923076923076
0 0.38221153846153844 0.578125 0.014423076923076924 0.014423076923076924
0 0.5012019230769231 0.5600961538461539 0.014423076923076924 0.014423076923076924
0 0.5685096153846154 0.5516826923076923 0.01201923076923077 0.01201923076923077
0 0.5420673076923077 0.5576923076923077 0.01201923076923077 0.014423076923076924
0 0.5985576923076923 0.5480769230769231 0.01201923076923077 0.014423076923076924
0 0.44350961538461536 0.578125 0.01201923076923077 0.01201923076923077
0 0.4951923076923077 0.5709134615384616 0.01201923076923077 0.014423076923076924
0 0.5336538461538461 0.5697115384615384 0.014423076923076924 0.014423076923076924
0 0.5516826923076923 0.5697115384615384 0.014423076923076924 0.01201923076923077
0 0.4675480769230769 0.5901442307692307 0.01201923076923077 0.01201923076923077
0 0.49038461538461536 0.5901442307692307 0.01201923076923077 0.014423076923076924
0 0.3798076923076923 0.6141826923076923 0.01201923076923077 0.014423076923076924
0 0.43990384615384615 0.6057692307692307 0.01201923076923077 0.014423076923076924
0 0.48197115384615385 0.5985576923076923 0.014423076923076924 0.014423076923076924
0 0.40024038461538464 0.6189903846153846 0.01201923076923077 0.01201923076923077
0 0.421875 0.6165865384615384 0.009615384615384616 0.01201923076923077
0 0.390625 0.6225961538461539 0.014423076923076924 0.014423076923076924
0 0.5132211538461539 0.6009615384615384 0.01201923076923077 0.009615384615384616
0 0.4230769230769231 0.6237980769230769 0.009615384615384616 0.009615384615384616
0 0.5793269230769231 0.5985576923076923 0.016826923076923076 0.016826923076923076
0 0.375 0.6430288461538461 0.016826923076923076 0.016826923076923076
0 0.5564903846153846 0.6141826923076923 0.014423076923076924 0.014423076923076924
0 0.4050480769230769 0.6478365384615384 0.016826923076923076 0.016826923076923076
0 0.4423076923076923 0.6418269230769231 0.014423076923076924 0.01201923076923077
0 0.4723557692307692 0.6394230769230769 0.014423076923076924 0.014423076923076924
0 0.5360576923076923 0.6310096153846154 0.014423076923076924 0.014423076923076924
0 0.49399038461538464 0.6430288461538461 0.016826923076923076 0.016826923076923076
0 0.4266826923076923 0.6694711538461539 0.014423076923076924 0.016826923076923076
0 0.48197115384615385 0.6658653846153846 0.014423076923076924 0.014423076923076924
0 0.4375 0.7043269230769231 0.016826923076923076 0.019230769230769232
0 0.4543269230769231 0.7259615384615384 0.019230769230769232 0.019230769230769232
0 0.5721153846153846 0.21754807692307693 0.01201923076923077 0.01201923076923077
0 0.5492788461538461 0.23557692307692307 0.01201923076923077 0.014423076923076924
0 0.5384615384615384 0.2644230769230769 0.014423076923076924 0.016826923076923076
0 0.6274038461538461 0.24879807692307693 0.01201923076923077 0.014423076923076924
0 0.5949519230769231 0.25721153846153844 0.01201923076923077 0.01201923076923077
0 0.6117788461538461 0.25841346153846156 0.01201923076923077 0.009615384615384616
0 0.6442307692307693 0.2608173076923077 0.014423076923076924 0.01201923076923077
0 0.6069711538461539 0.2704326923076923 0.01201923076923077 0.01201923076923077
0 0.5576923076923077 0.2860576923076923 0.01201923076923077 0.01201923076923077
0 0.6610576923076923 0.2764423076923077 0.014423076923076924 0.014423076923076924
0 0.6274038461538461 0.2860576923076923 0.01201923076923077 0.01201923076923077
0 0.6766826923076923 0.27884615384615385 0.014423076923076924 0.014423076923076924
0 0.5709134615384616 0.31009615384615385 0.016826923076923076 0.016826923076923076
0 0.5925480769230769 0.30649038461538464 0.014423076923076924 0.01201923076923077
0 0.6310096153846154 0.30288461538461536 0.01201923076923077 0.014423076923076924
0 0.5552884615384616 0.3317307692307692 0.014423076923076924 0.014423076923076924
0 0.6887019230769231 0.3125 0.016826923076923076 0.016826923076923076
0 0.6346153846153846 0.3389423076923077 0.01201923076923077 0.01201923076923077
0 0.5997596153846154 0.34615384615384615 0.014423076923076924 0.014423076923076924
0 0.65625 0.33653846153846156 0.014423076923076924 0.014423076923076924
0 0.6862980769230769 0.3425480769230769 0.014423076923076924 0.014423076923076924
0 0.703125 0.3401442307692308 0.014423076923076924 0.014423076923076924
0 0.4362980769230769 0.4098557692307692 0.01201923076923077 0.014423076923076924
0 0.5432692307692307 0.3894230769230769 0.014423076923076924 0.014423076923076924
0 0.5588942307692307 0.38822115384615385 0.01201923076923077 0.01201923076923077
0 0.3954326923076923 0.42427884615384615 0.014423076923076924 0.014423076923076924
0 0.6478365384615384 0.3762019230769231 0.014423076923076924 0.01201923076923077
0 0.5817307692307693 0.3894230769230769 0.01201923076923077 0.014423076923076924
0 0.2800480769230769 0.4519230769230769 0.014423076923076924 0.014423076923076924
0 0.625 0.3870192307692308 0.01201923076923077 0.014423076923076924
0 0.4230769230769231 0.42908653846153844 0.014423076923076924 0.014423076923076924
0 0.6862980769230769 0.3858173076923077 0.014423076923076924 0.014423076923076924
0 0.5829326923076923 0.40865384615384615 0.01201923076923077 0.014423076923076924
0 0.41466346153846156 0.44350961538461536 0.01201923076923077 0.01201923076923077
0 0.6117788461538461 0.40865384615384615 0.01201923076923077 0.01201923076923077
0 0.4519230769230769 0.4411057692307692 0.014423076923076924 0.014423076923076924
0 0.30528846153846156 0.4723557692307692 0.014423076923076924 0.014423076923076924
0 0.4326923076923077 0.4543269230769231 0.01201923076923077 0.01201923076923077
0 0.6658653846153846 0.4098557692307692 0.014423076923076924 0.01201923076923077
0 0.39302884615384615 0.4639423076923077 0.01201923076923077 0.014423076923076924
0 0.546875 0.4362980769230769 0.014423076923076924 0.014423076923076924
0 0.5661057692307693 0.43149038461538464 0.01201923076923077 0.01201923076923077
0 0.5925480769230769 0.42788461538461536 0.01201923076923077 0.01201923076923077
0 0.703125 0.4098557692307692 0.01201923076923077 0.014423076923076924
0 0.3293269230769231 0.4855769230769231 0.014423076923076924 0.014423076923076924
0 0.36899038461538464 0.4831730769230769 0.016826923076923076 0.016826923076923076
0 0.6959134615384616 0.421875 0.014423076923076924 0.01201923076923077
0 0.4579326923076923 0.4735576923076923 0.014423076923076924 0.014423076923076924
0 0.6165865384615384 0.4483173076923077 0.01201923076923077 0.01201923076923077
0 0.6322115384615384 0.44591346153846156 0.01201923076923077 0.01201923076923077
0 0.4807692307692308 0.47836538461538464 0.014423076923076924 0.014423076923076924
0 0.44350961538461536 0.49038461538461536 0.014423076923076924 0.01201923076923077
0 0.33653846153846156 0.5120192307692307 0.014423076923076924 0.014423076923076924
0 0.5625 0.47115384615384615 0.014423076923076924 0.01201923076923077
0 0.4723557692307692 0.4891826923076923 0.014423076923076924 0.014423076923076924
0 0.5252403846153846 0.4795673076923077 0.016826923076923076 0.016826923076923076