0 0.421875 0.49759615384615385 0.009615384615384616 0.01201923076923077
0 0.6995192307692307 0.4723557692307692 0.014423076923076924 0.01201923076923077
0 0.33052884615384615 0.5096153846153846 0.01201923076923077 0.014423076923076924
0 0.6730769230769231 0.4795673076923077 0.014423076923076924 0.014423076923076924
0 0.5901442307692307 0.4891826923076923 0.01201923076923077 0.009615384615384616
0 0.3737980769230769 0.5084134615384616 0.014423076923076924 0.014423076923076924
0 0.6286057692307693 0.4879807692307692 0.014423076923076924 0.01201923076923077
0 0.41466346153846156 0.5072115384615384 0.007211538461538462 0.009615384615384616
0 0.31490384615384615 0.5180288461538461 0.016826923076923076 0.016826923076923076
0 0.6502403846153846 0.4891826923076923 0.01201923076923077 0.01201923076923077
0 0.6177884615384616 0.5036057692307693 0.014423076923076924 0.014423076923076924
0 0.5456730769230769 0.5096153846153846 0.016826923076923076 0.016826923076923076
0 0.47836538461538464 0.5168269230769231 0.009615384615384616 0.014423076923076924
0 0.28966346153846156 0.5348557692307693 0.009615384615384616 0.009615384615384616
0 0.3076923076923077 0.5372596153846154 0.01201923076923077 0.01201923076923077
0 0.3786057692307692 0.5360576923076923 0.01201923076923077 0.014423076923076924
0 0.4206730769230769 0.5336538461538461 0.01201923076923077 0.01201923076923077
0 0.5733173076923077 0.5276442307692307 0.01201923076923077 0.014423076923076924
0 0.40625 0.5444711538461539 0.01201923076923077 0.009615384615384616
0 0.47596153846153844 0.5384615384615384 0.01201923076923077 0.014423076923076924
0 0.5120192307692307 0.5384615384615384 0.009615384615384616 0.01201923076923077
0 0.6117788461538461 0.5336538461538461 0.014423076923076924 0.014423076923076924
0 0.44471153846153844 0.5504807692307693 0.01201923076923077 0.014423076923076924
0 0.5420673076923077 0.5456730769230769 0.01201923076923077 0.009615384615384616
0 0.6286057692307693 0.5396634615384616 0.014423076923076924 0.014423076923076924
0 0.3737980769230769 0.5649038461538461 0.014423076923076924 0.014423076923076924
0 0.4951923076923077 0.5600961538461539 0.01201923076923077 0.014423076923076924
0 0.5625 0.5588942307692307 0.01201923076923077 0.01201923076923077
0 0.5360576923076923 0.5625 0.009615384615384616 0.01201923076923077
0 0.59375 0.5576923076923077 0.01201923076923077 0.01201923076923077
0 0.43509615384615385 0.5721153846153846 0.009615384615384616 0.01201923076923077
0 0.4879807692307692 0.5697115384615384 0.01201923076923077 0.014423076923076924
0 0.5252403846153846 0.5721153846153846 0.01201923076923077 0.014423076923076924
0 0.5444711538461539 0.5745192307692307 0.014423076923076924 0.01201923076923077
0 0.4579326923076923 0.5853365384615384 0.01201923076923077 0.009615384615384616
0 0.4807692307692308 0.5889423076923077 0.01201923076923077 0.01201923076923077
0 0.36899038461538464 0.6009615384615384 0.01201923076923077 0.014423076923076924
0 0.42908653846153844 0.5985576923076923 0.01201923076923077 0.014423076923076924
0 0.4723557692307692 0.5961538461538461 0.01201923076923077 0.01201923076923077
0 0.38822115384615385 0.6069711538461539 0.009615384615384616 0.01201923076923077
0 0.4110576923076923 0.6081730769230769 0.009615384615384616 0.01201923076923077
0 0.3786057692307692 0.6105769230769231 0.01201923076923077 0.01201923076923077
0 0.5024038461538461 0.6021634615384616 0.009615384615384616 0.009615384615384616
0 0.4110576923076923 0.6153846153846154 0.009615384615384616 0.007211538461538462
0 0.5685096153846154 0.6057692307692307 0.014423076923076924 0.014423076923076924
0 0.3605769230769231 0.6298076923076923 0.014423076923076924 0.014423076923076924
0 0.5444711538461539 0.6189903846153846 0.014423076923076924 0.014423076923076924
0 0.390625 0.6370192307692307 0.014423076923076924 0.014423076923076924
0 0.42788461538461536 0.6358173076923077 0.01201923076923077 0.01201923076923077
0 0.4579326923076923 0.6358173076923077 0.01201923076923077 0.014423076923076924
0 0.5228365384615384 0.6346153846153846 0.014423076923076924 0.014423076923076924
0 0.47836538461538464 0.6418269230769231 0.016826923076923076 0.016826923076923076
0 0.40865384615384615 0.6610576923076923 0.014423076923076924 0.014423076923076924
0 0.4651442307692308 0.6634615384615384 0.01201923076923077 0.014423076923076924
0 0.4170673076923077 0.6971153846153846 0.016826923076923076 0.016826923076923076
0 0.43149038461538464 0.7199519230769231 0.016826923076923076 0.016826923076923076
0 0.6021634615384616 0.22716346153846154 0.01201923076923077 0.01201923076923077
0 0.5769230769230769 0.24278846153846154 0.009615384615384616 0.01201923076923077
0 0.5637019230769231 0.2704326923076923 0.014423076923076924 0.014423076923076924
0 0.6526442307692307 0.26322115384615385 0.009615384615384616 0.014423076923076924
0 0.6201923076923077 0.2692307692307692 0.01201923076923077 0.01201923076923077
0 0.6370192307692307 0.27163461538461536 0.009615384615384616 0.009615384615384616
0 0.6682692307692307 0.2776442307692308 0.01201923076923077 0.01201923076923077
0 0.6310096153846154 0.28365384615384615 0.01201923076923077 0.01201923076923077
0 0.5793269230769231 0.2932692307692308 0.009615384615384616 0.009615384615384616
0 0.6838942307692307 0.29447115384615385 0.01201923076923077 0.014423076923076924
0 0.6490384615384616 0.3004807692307692 0.009615384615384616 0.01201923076923077
0 0.6983173076923077 0.2980769230769231 0.014423076923076924 0.014423076923076924
0 0.5901442307692307 0.31850961538461536 0.014423076923076924 0.014423076923076924
0 0.6117788461538461 0.3173076923076923 0.01201923076923077 0.01201923076923077
0 0.6502403846153846 0.31850961538461536 0.01201923076923077 0.014423076923076924
0 0.5721153846153846 0.33774038461538464 0.014423076923076924 0.01201923076923077
0 0.7079326923076923 0.3329326923076923 0.014423076923076924 0.014423076923076924
0 0.6502403846153846 0.3545673076923077 0.01201923076923077 0.01201923076923077
0 0.6153846153846154 0.35697115384615385 0.014423076923076924 0.01201923076923077
0 0.6730769230769231 0.35336538461538464 0.014423076923076924 0.014423076923076924
0 0.7019230769230769 0.3629807692307692 0.01201923076923077 0.014423076923076924
0 0.71875 0.3629807692307692 0.01201923076923077 0.01201923076923077
0 0.44591346153846156 0.40384615384615385 0.01201923076923077 0.014423076923076924
0 0.5552884615384616 0.3954326923076923 0.01201923076923077 0.01201923076923077
0 0.5709134615384616 0.3954326923076923 0.009615384615384616 0.01201923076923077
0 0.40384615384615385 0.41466346153846156 0.01201923076923077 0.014423076923076924
0 0.6598557692307693 0.3918269230769231 0.014423076923076924 0.01201923076923077
0 0.5925480769230769 0.39903846153846156 0.01201923076923077 0.014423076923076924
0 0.2860576923076923 0.42908653846153844 0.014423076923076924 0.01201923076923077
0 0.6358173076923077 0.4014423076923077 0.01201923076923077 0.014423076923076924
0 0.43028846153846156 0.421875 0.014423076923076924 0.01201923076923077
0 0.6971153846153846 0.4050480769230769 0.014423076923076924 0.014423076923076924
0 0.5913461538461539 0.4182692307692308 0.01201923076923077 0.01201923076923077
0 0.4206730769230769 0.43509615384615385 0.01201923076923077 0.01201923076923077
0 0.6213942307692307 0.4206730769230769 0.01201923076923077 0.01201923076923077
0 0.4579326923076923 0.4362980769230769 0.014423076923076924 0.014423076923076924
0 0.3088942307692308 0.4519230769230769 0.01201923076923077 0.014423076923076924
0 0.4375 0.44711538461538464 0.01201923076923077 0.01201923076923077
0 0.6742788461538461 0.42788461538461536 0.01201923076923077 0.01201923076923077
0 0.39663461538461536 0.453125 0.01201923076923077 0.014423076923076924
0 0.5528846153846154 0.4411057692307692 0.01201923076923077 0.014423076923076924
0 0.5733173076923077 0.43990384615384615 0.01201923076923077 0.01201923076923077
0 0.5997596153846154 0.4387019230769231 0.009615384615384616 0.01201923076923077
0 0.7115384615384616 0.43149038461538464 0.009615384615384616 0.014423076923076924
0 0.3317307692307692 0.4675480769230769 0.01201923076923077 0.014423076923076924
0 0.3713942307692308 0.4699519230769231 0.014423076923076924 0.014423076923076924
0 0.7019230769230769 0.4423076923076923 0.014423076923076924 0.01201923076923077
0 0.46153846153846156 0.4699519230769231 0.01201923076923077 0.01201923076923077
0 0.6213942307692307 0.46033653846153844 0.009615384615384616 0.01201923076923077
0 0.6382211538461539 0.46033653846153844 0.01201923076923077 0.01201923076923077
0 0.4831730769230769 0.47596153846153844 0.014423076923076924 0.014423076923076924
0 0.44471153846153844 0.484375 0.014423076923076924 0.01201923076923077
0 0.33653846153846156 0.4951923076923077 0.01201923076923077 0.01201923076923077
0 0.5661057692307693 0.47716346153846156 0.01201923076923077 0.01201923076923077
0 0.4735576923076923 0.48677884615384615 0.01201923076923077 0.014423076923076924
0 0.5276442307692307 0.48197115384615385 0.016826923076923076 0.016826923076923076