0 0.421875 0.49158653846153844 0.009615384615384616 0.01201923076923077
0 0.7007211538461539 0.48677884615384615 0.014423076923076924 0.01201923076923077
0 0.33052884615384615 0.49759615384615385 0.01201923076923077 0.014423076923076924
0 0.6742788461538461 0.49158653846153844 0.014423076923076924 0.014423076923076924
0 0.5901442307692307 0.4963942307692308 0.01201923076923077 0.009615384615384616
0 0.3737980769230769 0.5 0.014423076923076924 0.014423076923076924
0 0.6286057692307693 0.4963942307692308 0.014423076923076924 0.01201923076923077
0 0.41466346153846156 0.5012019230769231 0.007211538461538462 0.009615384615384616
0 0.3137019230769231 0.5048076923076923 0.014423076923076924 0.016826923076923076
0 0.6502403846153846 0.5 0.01201923076923077 0.01201923076923077
0 0.6165865384615384 0.5108173076923077 0.014423076923076924 0.014423076923076924
0 0.5444711538461539 0.5120192307692307 0.016826923076923076 0.014423076923076924
0 0.47716346153846156 0.5144230769230769 0.009615384615384616 0.014423076923076924
0 0.28725961538461536 0.5204326923076923 0.009615384615384616 0.009615384615384616
0 0.30528846153846156 0.5240384615384616 0.01201923076923077 0.01201923076923077
0 0.3762019230769231 0.5276442307692307 0.01201923076923077 0.014423076923076924
0 0.4182692307692308 0.5276442307692307 0.01201923076923077 0.01201923076923077
0 0.5709134615384616 0.5324519230769231 0.01201923076923077 0.014423076923076924
0 0.40384615384615385 0.5372596153846154 0.01201923076923077 0.009615384615384616
0 0.4735576923076923 0.5360576923076923 0.01201923076923077 0.014423076923076924
0 0.5096153846153846 0.5396634615384616 0.009615384615384616 0.01201923076923077
0 0.609375 0.5408653846153846 0.014423076923076924 0.014423076923076924
0 0.4411057692307692 0.546875 0.01201923076923077 0.014423076923076924
0 0.5396634615384616 0.5480769230769231 0.01201923076923077 0.009615384615384616
0 0.6262019230769231 0.5480769230769231 0.014423076923076924 0.014423076923076924
0 0.3701923076923077 0.5564903846153846 0.014423076923076924 0.014423076923076924
0 0.49158653846153844 0.5588942307692307 0.01201923076923077 0.014423076923076924
0 0.5588942307692307 0.5625 0.01201923076923077 0.01201923076923077
0 0.53125 0.5649038461538461 0.009615384615384616 0.01201923076923077
0 0.5889423076923077 0.5649038461538461 0.01201923076923077 0.01201923076923077
0 0.43028846153846156 0.5673076923076923 0.009615384615384616 0.01201923076923077
0 0.4831730769230769 0.5685096153846154 0.01201923076923077 0.014423076923076924
0 0.5204326923076923 0.5745192307692307 0.01201923076923077 0.014423076923076924
0 0.5384615384615384 0.5769230769230769 0.014423076923076924 0.01201923076923077
0 0.4519230769230769 0.5829326923076923 0.01201923076923077 0.009615384615384616
0 0.47475961538461536 0.5865384615384616 0.01201923076923077 0.01201923076923077
0 0.36177884615384615 0.5913461538461539 0.01201923076923077 0.014423076923076924
0 0.421875 0.59375 0.01201923076923077 0.014423076923076924
0 0.4651442307692308 0.5949519230769231 0.01201923076923077 0.01201923076923077
0 0.38100961538461536 0.5997596153846154 0.009615384615384616 0.01201923076923077
0 0.4026442307692308 0.6009615384615384 0.009615384615384616 0.01201923076923077
0 0.3701923076923077 0.6021634615384616 0.01201923076923077 0.01201923076923077
0 0.4951923076923077 0.6021634615384616 0.009615384615384616 0.009615384615384616
0 0.40384615384615385 0.6081730769230769 0.009615384615384616 0.007211538461538462
0 0.5612980769230769 0.6105769230769231 0.014423076923076924 0.014423076923076924
0 0.35216346153846156 0.6189903846153846 0.014423076923076924 0.014423076923076924
0 0.5360576923076923 0.6213942307692307 0.014423076923076924 0.014423076923076924
0 0.38100961538461536 0.6298076923076923 0.014423076923076924 0.014423076923076924
0 0.4182692307692308 0.6298076923076923 0.01201923076923077 0.01201923076923077
0 0.4483173076923077 0.6322115384615384 0.01201923076923077 0.014423076923076924
0 0.5132211538461539 0.6358173076923077 0.014423076923076924 0.014423076923076924
0 0.46875 0.6394230769230769 0.014423076923076924 0.014423076923076924
0 0.39783653846153844 0.6538461538461539 0.01201923076923077 0.014423076923076924
0 0.453125 0.6610576923076923 0.01201923076923077 0.014423076923076924
0 0.40384615384615385 0.6899038461538461 0.014423076923076924 0.016826923076923076
0 0.41586538461538464 0.7139423076923077 0.016826923076923076 0.016826923076923076
0 0.6201923076923077 0.234375 0.01201923076923077 0.01201923076923077
0 0.59375 0.24879807692307693 0.009615384615384616 0.01201923076923077
0 0.5793269230769231 0.27524038461538464 0.01201923076923077 0.014423076923076924
0 0.6694711538461539 0.27524038461538464 0.009615384615384616 0.014423076923076924
0 0.6358173076923077 0.2776442307692308 0.01201923076923077 0.01201923076923077
0 0.6526442307692307 0.2824519230769231 0.009615384615384616 0.009615384615384616
0 0.6838942307692307 0.28966346153846156 0.01201923076923077 0.01201923076923077
0 0.6454326923076923 0.2932692307692308 0.01201923076923077 0.01201923076923077
0 0.59375 0.29927884615384615 0.009615384615384616 0.009615384615384616
0 0.6971153846153846 0.3076923076923077 0.01201923076923077 0.014423076923076924
0 0.6622596153846154 0.3112980769230769 0.009615384615384616 0.01201923076923077
0 0.7115384615384616 0.3125 0.014423076923076924 0.014423076923076924
0 0.6021634615384616 0.3245192307692308 0.014423076923076924 0.014423076923076924
0 0.6237980769230769 0.32572115384615385 0.01201923076923077 0.01201923076923077
0 0.6634615384615384 0.3293269230769231 0.01201923076923077 0.014423076923076924
0 0.5841346153846154 0.34375 0.014423076923076924 0.01201923076923077
0 0.71875 0.3485576923076923 0.014423076923076924 0.014423076923076924
0 0.6598557692307693 0.36538461538461536 0.01201923076923077 0.01201923076923077
0 0.625 0.36538461538461536 0.014423076923076924 0.01201923076923077
0 0.6826923076923077 0.36538461538461536 0.014423076923076924 0.014423076923076924
0 0.7103365384615384 0.37740384615384615 0.01201923076923077 0.014423076923076924
0 0.7271634615384616 0.3786057692307692 0.01201923076923077 0.01201923076923077
0 0.453125 0.40024038461538464 0.01201923076923077 0.014423076923076924
0 0.5625 0.39903846153846156 0.01201923076923077 0.01201923076923077
0 0.578125 0.40024038461538464 0.009615384615384616 0.01201923076923077
0 0.4110576923076923 0.4074519230769231 0.01201923076923077 0.014423076923076924
0 0.6670673076923077 0.40384615384615385 0.014423076923076924 0.01201923076923077
0 0.5997596153846154 0.40625 0.01201923076923077 0.014423076923076924
0 0.2920673076923077 0.41466346153846156 0.014423076923076924 0.01201923076923077
0 0.6430288461538461 0.4110576923076923 0.01201923076923077 0.014423076923076924
0 0.4362980769230769 0.4170673076923077 0.014423076923076924 0.01201923076923077
0 0.703125 0.41947115384615385 0.014423076923076924 0.014423076923076924
0 0.5973557692307693 0.4254807692307692 0.01201923076923077 0.01201923076923077
0 0.4254807692307692 0.42908653846153844 0.01201923076923077 0.01201923076923077
0 0.6262019230769231 0.42908653846153844 0.01201923076923077 0.01201923076923077
0 0.46274038461538464 0.4338942307692308 0.014423076923076924 0.014423076923076924
0 0.3125 0.4387019230769231 0.01201923076923077 0.014423076923076924
0 0.4411057692307692 0.44350961538461536 0.01201923076923077 0.01201923076923077
0 0.6790865384615384 0.43990384615384615 0.01201923076923077 0.01201923076923077
0 0.40024038461538464 0.44591346153846156 0.01201923076923077 0.014423076923076924
0 0.5564903846153846 0.44471153846153844 0.01201923076923077 0.014423076923076924
0 0.5769230769230769 0.44471153846153844 0.01201923076923077 0.01201923076923077
0 0.6033653846153846 0.44471153846153844 0.009615384615384616 0.01201923076923077
0 0.7151442307692307 0.44711538461538464 0.009615384615384616 0.014423076923076924
0 0.33413461538461536 0.45552884615384615 0.01201923076923077 0.014423076923076924
0 0.3737980769230769 0.46153846153846156 0.014423076923076924 0.014423076923076924
0 0.7055288461538461 0.4567307692307692 0.014423076923076924 0.01201923076923077
0 0.4639423076923077 0.4675480769230769 0.01201923076923077 0.01201923076923077
0 0.6237980769230769 0.46875 0.009615384615384616 0.01201923076923077
0 0.640625 0.4699519230769231 0.01201923076923077 0.01201923076923077
0 0.4855769230769231 0.47475961538461536 0.014423076923076924 0.014423076923076924
0 0.44591346153846156 0.4807692307692308 0.014423076923076924 0.01201923076923077
0 0.33774038461538464 0.4831730769230769 0.01201923076923077 0.01201923076923077
0 0.5673076923076923 0.48197115384615385 0.01201923076923077 0.01201923076923077
0 0.47475961538461536 0.484375 0.01201923076923077 0.014423076923076924
0 0.5288461538461539 0.484375 0.014423076923076924 0.014423076923076924