0 0.44711538461538464 0.7512019230769231 0.01201923076923077 0.009615384615384616
0 0.46634615384615385 0.7367788461538461 0.014423076923076924 0.014423076923076924
0 0.39903846153846156 0.7295673076923077 0.014423076923076924 0.01201923076923077
0 0.4807692307692308 0.7091346153846154 0.009615384615384616 0.01201923076923077
0 0.49038461538461536 0.6959134615384616 0.01201923076923077 0.009615384615384616
0 0.36778846153846156 0.6838942307692307 0.01201923076923077 0.01201923076923077
0 0.39903846153846156 0.6826923076923077 0.01201923076923077 0.009615384615384616
0 0.47596153846153844 0.6838942307692307 0.01201923076923077 0.01201923076923077
0 0.3641826923076923 0.671875 0.01201923076923077 0.009615384615384616
0 0.5276442307692307 0.6850961538461539 0.01201923076923077 0.009615384615384616
0 0.45072115384615385 0.6646634615384616 0.014423076923076924 0.01201923076923077
0 0.4014423076923077 0.6598557692307693 0.01201923076923077 0.009615384615384616
0 0.3605769230769231 0.6550480769230769 0.009615384615384616 0.01201923076923077
0 0.5144230769230769 0.6646634615384616 0.01201923076923077 0.01201923076923077
0 0.4831730769230769 0.6382211538461539 0.009615384615384616 0.009615384615384616
0 0.45552884615384615 0.6334134615384616 0.01201923076923077 0.01201923076923077
0 0.4326923076923077 0.6201923076923077 0.01201923076923077 0.01201923076923077
0 0.5384615384615384 0.6057692307692307 0.01201923076923077 0.014423076923076924
0 0.47716346153846156 0.5973557692307693 0.014423076923076924 0.014423076923076924
0 0.4987980769230769 0.5841346153846154 0.01201923076923077 0.01201923076923077
0 0.5372596153846154 0.5745192307692307 0.014423076923076924 0.014423076923076924
0 0.46634615384615385 0.5408653846153846 0.01201923076923077 0.01201923076923077