0 0.4254807692307692 0.7451923076923077 0.01201923076923077 0.01201923076923077
0 0.44591346153846156 0.7331730769230769 0.016826923076923076 0.014423076923076924
0 0.3798076923076923 0.7199519230769231 0.014423076923076924 0.01201923076923077
0 0.46274038461538464 0.7067307692307693 0.01201923076923077 0.01201923076923077
0 0.4735576923076923 0.6947115384615384 0.014423076923076924 0.01201923076923077
0 0.35216346153846156 0.671875 0.014423076923076924 0.014423076923076924
0 0.38341346153846156 0.6730769230769231 0.01201923076923077 0.01201923076923077
0 0.45913461538461536 0.6802884615384616 0.01201923076923077 0.01201923076923077
0 0.34975961538461536 0.6586538461538461 0.014423076923076924 0.01201923076923077
0 0.5108173076923077 0.6862980769230769 0.014423076923076924 0.009615384615384616
0 0.4362980769230769 0.6598557692307693 0.016826923076923076 0.01201923076923077
0 0.38822115384615385 0.6514423076923077 0.014423076923076924 0.01201923076923077
0 0.3473557692307692 0.6430288461538461 0.01201923076923077 0.014423076923076924
0 0.5 0.6646634615384616 0.01201923076923077 0.01201923076923077
0 0.47115384615384615 0.6370192307692307 0.01201923076923077 0.01201923076923077
0 0.44471153846153844 0.6298076923076923 0.014423076923076924 0.014423076923076924
0 0.4230769230769231 0.6129807692307693 0.014423076923076924 0.01201923076923077
0 0.5300480769230769 0.609375 0.01201923076923077 0.014423076923076924
0 0.46875 0.5949519230769231 0.016826923076923076 0.014423076923076924
0 0.49158653846153844 0.5841346153846154 0.01201923076923077 0.01201923076923077
0 0.5300480769230769 0.5769230769230769 0.014423076923076924 0.016826923076923076
0 0.46274038461538464 0.5372596153846154 0.014423076923076924 0.014423076923076924