0 0.4735576923076923 0.7548076923076923 0.01201923076923077 0.009615384615384616
0 0.49038461538461536 0.7391826923076923 0.014423076923076924 0.01201923076923077
0 0.4230769230769231 0.7391826923076923 0.014423076923076924 0.01201923076923077
0 0.5024038461538461 0.7103365384615384 0.009615384615384616 0.01201923076923077
0 0.5108173076923077 0.6959134615384616 0.01201923076923077 0.009615384615384616
0 0.38822115384615385 0.6971153846153846 0.01201923076923077 0.01201923076923077
0 0.41947115384615385 0.6923076923076923 0.01201923076923077 0.009615384615384616
0 0.4951923076923077 0.6850961538461539 0.01201923076923077 0.01201923076923077
0 0.38341346153846156 0.6850961538461539 0.01201923076923077 0.009615384615384616
0 0.546875 0.6802884615384616 0.01201923076923077 0.009615384615384616
0 0.4675480769230769 0.6682692307692307 0.014423076923076924 0.009615384615384616
0 0.4182692307692308 0.6694711538461539 0.01201923076923077 0.009615384615384616
0 0.37740384615384615 0.6694711538461539 0.009615384615384616 0.01201923076923077
0 0.53125 0.6622596153846154 0.01201923076923077 0.01201923076923077
0 0.49759615384615385 0.6394230769230769 0.009615384615384616 0.009615384615384616
0 0.4699519230769231 0.6370192307692307 0.01201923076923077 0.01201923076923077
0 0.44591346153846156 0.6262019230769231 0.01201923076923077 0.01201923076923077
0 0.5492788461538461 0.6009615384615384 0.01201923076923077 0.014423076923076924
0 0.48677884615384615 0.5985576923076923 0.014423076923076924 0.01201923076923077
0 0.5072115384615384 0.5841346153846154 0.01201923076923077 0.01201923076923077
0 0.5444711538461539 0.5697115384615384 0.01201923076923077 0.014423076923076924
0 0.47115384615384615 0.5432692307692307 0.01201923076923077 0.01201923076923077