0 0.421875 0.4963942307692308 0.014423076923076924 0.014423076923076924
0 0.47596153846153844 0.49399038461538464 0.014423076923076924 0.014423076923076924
0 0.34375 0.5276442307692307 0.014423076923076924 0.014423076923076924
0 0.49038461538461536 0.4951923076923077 0.014423076923076924 0.014423076923076924
0 0.3894230769230769 0.5324519230769231 0.016826923076923076 0.014423076923076924
0 0.5625 0.4987980769230769 0.014423076923076924 0.01201923076923077
0 0.41466346153846156 0.5384615384615384 0.014423076923076924 0.014423076923076924
0 0.3004807692307692 0.5661057692307693 0.014423076923076924 0.014423076923076924
0 0.39783653846153844 0.5444711538461539 0.014423076923076924 0.014423076923076924
0 0.5697115384615384 0.5120192307692307 0.01201923076923077 0.01201923076923077
0 0.33413461538461536 0.5685096153846154 0.009615384615384616 0.01201923076923077
0 0.3317307692307692 0.5769230769230769 0.01201923076923077 0.01201923076923077
0 0.5408653846153846 0.53125 0.014423076923076924 0.014423076923076924
0 0.46274038461538464 0.5492788461538461 0.014423076923076924 0.014423076923076924
0 0.5649038461538461 0.5264423076923077 0.014423076923076924 0.014423076923076924
0 0.4110576923076923 0.5637019230769231 0.014423076923076924 0.014423076923076924
0 0.36899038461538464 0.5757211538461539 0.016826923076923076 0.016826923076923076
0 0.3245192307692308 0.5925480769230769 0.014423076923076924 0.014423076923076924
0 0.4266826923076923 0.5769230769230769 0.014423076923076924 0.014423076923076924
0 0.48197115384615385 0.5661057692307693 0.014423076923076924 0.014423076923076924
0 0.5949519230769231 0.5396634615384616 0.01201923076923077 0.01201923076923077
0 0.3425480769230769 0.609375 0.01201923076923077 0.014423076923076924
0 0.3798076923076923 0.6009615384615384 0.014423076923076924 0.01201923076923077
0 0.36177884615384615 0.6286057692307693 0.01201923076923077 0.01201923076923077
0 0.4411057692307692 0.6153846153846154 0.014423076923076924 0.014423076923076924
0 0.4699519230769231 0.6117788461538461 0.016826923076923076 0.014423076923076924
0 0.4014423076923077 0.6286057692307693 0.014423076923076924 0.01201923076923077
0 0.6201923076923077 0.5793269230769231 0.016826923076923076 0.016826923076923076
0 0.36658653846153844 0.6454326923076923 0.014423076923076924 0.01201923076923077
0 0.5060096153846154 0.6213942307692307 0.01201923076923077 0.01201923076923077
0 0.5192307692307693 0.6237980769230769 0.014423076923076924 0.014423076923076924
0 0.39903846153846156 0.6550480769230769 0.014423076923076924 0.014423076923076924
0 0.3581730769230769 0.6658653846153846 0.014423076923076924 0.014423076923076924
0 0.5853365384615384 0.6141826923076923 0.014423076923076924 0.014423076923076924
0 0.375 0.6694711538461539 0.014423076923076924 0.014423076923076924
0 0.5697115384615384 0.6298076923076923 0.014423076923076924 0.014423076923076924
0 0.38461538461538464 0.6778846153846154 0.014423076923076924 0.014423076923076924
0 0.4807692307692308 0.6598557692307693 0.014423076923076924 0.014423076923076924
0 0.3701923076923077 0.6947115384615384 0.014423076923076924 0.014423076923076924
0 0.5829326923076923 0.6514423076923077 0.014423076923076924 0.014423076923076924
0 0.43990384615384615 0.6875 0.014423076923076924 0.014423076923076924
0 0.5012019230769231 0.6778846153846154 0.01201923076923077 0.01201923076923077
0 0.4795673076923077 0.6899038461538461 0.014423076923076924 0.01201923076923077
0 0.4338942307692308 0.7043269230769231 0.014423076923076924 0.014423076923076924
0 0.4182692307692308 0.7151442307692307 0.01201923076923077 0.01201923076923077
0 0.45072115384615385 0.71875 0.019230769230769232 0.019230769230769232
0 0.3954326923076923 0.32572115384615385 0.019230769230769232 0.016826923076923076
0 0.4411057692307692 0.3473557692307692 0.01201923076923077 0.01201923076923077
0 0.42788461538461536 0.36658653846153844 0.014423076923076924 0.014423076923076924
0 0.4699519230769231 0.3641826923076923 0.016826923076923076 0.016826923076923076
0 0.3737980769230769 0.3870192307692308 0.014423076923076924 0.014423076923076924
0 0.3425480769230769 0.3954326923076923 0.014423076923076924 0.014423076923076924
0 0.4951923076923077 0.36658653846153844 0.014423076923076924 0.01201923076923077
0 0.4495192307692308 0.390625 0.014423076923076924 0.014423076923076924
0 0.5012019230769231 0.3858173076923077 0.009615384615384616 0.01201923076923077
0 0.3629807692307692 0.421875 0.014423076923076924 0.014423076923076924
0 0.48677884615384615 0.4014423076923077 0.01201923076923077 0.009615384615384616
0 0.39302884615384615 0.42788461538461536 0.014423076923076924 0.01201923076923077
0 0.4483173076923077 0.4170673076923077 0.014423076923076924 0.01201923076923077
0 0.5444711538461539 0.4206730769230769 0.01201923076923077 0.01201923076923077
0 0.4639423076923077 0.44350961538461536 0.009615384615384616 0.01201923076923077
0 0.5240384615384616 0.43509615384615385 0.01201923076923077 0.01201923076923077
0 0.4987980769230769 0.4423076923076923 0.01201923076923077 0.009615384615384616
0 0.47115384615384615 0.45552884615384615 0.014423076923076924 0.014423076923076924
0 0.39302884615384615 0.48197115384615385 0.009615384615384616 0.009615384615384616
0 0.5120192307692307 0.46634615384615385 0.014423076923076924 0.014423076923076924