0 0.5793269230769231 0.5012019230769231 0.014423076923076924 0.014423076923076924
0 0.5240384615384616 0.5048076923076923 0.014423076923076924 0.014423076923076924
0 0.6550480769230769 0.4675480769230769 0.014423076923076924 0.016826923076923076
0 0.5096153846153846 0.5048076923076923 0.014423076923076924 0.014423076923076924
0 0.609375 0.46274038461538464 0.016826923076923076 0.014423076923076924
0 0.4375 0.5036057692307693 0.014423076923076924 0.01201923076923077
0 0.5841346153846154 0.45913461538461536 0.014423076923076924 0.014423076923076924
0 0.6971153846153846 0.42788461538461536 0.014423076923076924 0.014423076923076924
0 0.5997596153846154 0.4519230769230769 0.014423076923076924 0.014423076923076924
0 0.43028846153846156 0.49038461538461536 0.014423076923076924 0.014423076923076924
0 0.6634615384615384 0.4254807692307692 0.009615384615384616 0.01201923076923077
0 0.6658653846153846 0.4170673076923077 0.01201923076923077 0.01201923076923077
0 0.4579326923076923 0.4699519230769231 0.016826923076923076 0.014423076923076924
0 0.5348557692307693 0.4495192307692308 0.014423076923076924 0.014423076923076924
0 0.4338942307692308 0.47596153846153844 0.014423076923076924 0.014423076923076924
0 0.5865384615384616 0.4326923076923077 0.014423076923076924 0.014423076923076924
0 0.6274038461538461 0.41947115384615385 0.016826923076923076 0.016826923076923076
0 0.6730769230769231 0.4014423076923077 0.014423076923076924 0.014423076923076924
0 0.5709134615384616 0.4206730769230769 0.014423076923076924 0.014423076923076924
0 0.515625 0.4338942307692308 0.014423076923076924 0.016826923076923076
0 0.4026442307692308 0.4639423076923077 0.014423076923076924 0.014423076923076924
0 0.6538461538461539 0.3858173076923077 0.01201923076923077 0.014423076923076924
0 0.6165865384615384 0.3954326923076923 0.014423076923076924 0.01201923076923077
0 0.6334134615384616 0.36658653846153844 0.014423076923076924 0.014423076923076924
0 0.5540865384615384 0.38221153846153844 0.014423076923076924 0.014423076923076924
0 0.5252403846153846 0.3870192307692308 0.019230769230769232 0.016826923076923076
0 0.59375 0.36778846153846156 0.014423076923076924 0.01201923076923077
0 0.3762019230769231 0.42427884615384615 0.016826923076923076 0.016826923076923076
0 0.6274038461538461 0.34975961538461536 0.014423076923076924 0.01201923076923077
0 0.49038461538461536 0.3786057692307692 0.01201923076923077 0.01201923076923077
0 0.47716346153846156 0.3762019230769231 0.014423076923076924 0.014423076923076924
0 0.5961538461538461 0.34134615384615385 0.014423076923076924 0.014423076923076924
0 0.6358173076923077 0.3293269230769231 0.014423076923076924 0.014423076923076924
0 0.4098557692307692 0.38822115384615385 0.014423076923076924 0.014423076923076924
0 0.6189903846153846 0.32572115384615385 0.014423076923076924 0.014423076923076924
0 0.4266826923076923 0.37259615384615385 0.014423076923076924 0.014423076923076924
0 0.609375 0.3173076923076923 0.014423076923076924 0.014423076923076924
0 0.5132211538461539 0.3401442307692308 0.014423076923076924 0.014423076923076924
0 0.6237980769230769 0.3016826923076923 0.014423076923076924 0.016826923076923076
0 0.41225961538461536 0.35216346153846156 0.014423076923076924 0.016826923076923076
0 0.5540865384615384 0.31009615384615385 0.014423076923076924 0.014423076923076924
0 0.49158653846153844 0.32211538461538464 0.014423076923076924 0.014423076923076924
0 0.5132211538461539 0.31009615384615385 0.014423076923076924 0.01201923076923077
0 0.5588942307692307 0.2932692307692308 0.014423076923076924 0.014423076923076924
0 0.5745192307692307 0.2824519230769231 0.014423076923076924 0.014423076923076924
0 0.5420673076923077 0.2800480769230769 0.019230769230769232 0.019230769230769232
0 0.6105769230769231 0.6706730769230769 0.021634615384615384 0.016826923076923076
0 0.5637019230769231 0.6502403846153846 0.014423076923076924 0.014423076923076924
0 0.5757211538461539 0.6310096153846154 0.014423076923076924 0.014423076923076924
0 0.5348557692307693 0.6346153846153846 0.016826923076923076 0.016826923076923076
0 0.6298076923076923 0.6081730769230769 0.014423076923076924 0.014423076923076924
0 0.6610576923076923 0.5985576923076923 0.014423076923076924 0.014423076923076924
0 0.5096153846153846 0.6334134615384616 0.014423076923076924 0.01201923076923077
0 0.5540865384615384 0.6069711538461539 0.014423076923076924 0.014423076923076924
0 0.5036057692307693 0.6141826923076923 0.01201923076923077 0.01201923076923077
0 0.6394230769230769 0.5733173076923077 0.014423076923076924 0.014423076923076924
0 0.515625 0.5973557692307693 0.01201923076923077 0.009615384615384616
0 0.609375 0.5673076923076923 0.014423076923076924 0.01201923076923077
0 0.5540865384615384 0.5817307692307693 0.014423076923076924 0.01201923076923077
0 0.4579326923076923 0.5805288461538461 0.014423076923076924 0.014423076923076924
0 0.5384615384615384 0.5552884615384616 0.01201923076923077 0.01201923076923077
0 0.47836538461538464 0.5661057692307693 0.014423076923076924 0.014423076923076924
0 0.5036057692307693 0.5576923076923077 0.01201923076923077 0.01201923076923077
0 0.5300480769230769 0.5432692307692307 0.014423076923076924 0.014423076923076924
0 0.6069711538461539 0.5144230769230769 0.009615384615384616 0.009615384615384616
0 0.4891826923076923 0.5336538461538461 0.014423076923076924 0.014423076923076924