0 0.5757211538461539 0.5204326923076923 0.01201923076923077 0.01201923076923077
0 0.5216346153846154 0.5108173076923077 0.01201923076923077 0.01201923076923077
0 0.6586538461538461 0.5060096153846154 0.01201923076923077 0.014423076923076924
0 0.5084134615384616 0.5072115384615384 0.01201923076923077 0.01201923076923077
0 0.6153846153846154 0.49038461538461536 0.014423076923076924 0.01201923076923077
0 0.4387019230769231 0.4879807692307692 0.01201923076923077 0.009615384615384616
0 0.5913461538461539 0.4807692307692308 0.01201923076923077 0.01201923076923077
0 0.7091346153846154 0.47716346153846156 0.01201923076923077 0.01201923076923077
0 0.609375 0.47716346153846156 0.01201923076923077 0.01201923076923077
0 0.43509615384615385 0.4735576923076923 0.01201923076923077 0.01201923076923077
0 0.6766826923076923 0.46634615384615385 0.009615384615384616 0.009615384615384616
0 0.6802884615384616 0.45913461538461536 0.009615384615384616 0.009615384615384616
0 0.46634615384615385 0.46033653846153844 0.014423076923076924 0.01201923076923077
0 0.5456730769230769 0.45913461538461536 0.01201923076923077 0.01201923076923077
0 0.4411057692307692 0.46033653846153844 0.01201923076923077 0.01201923076923077
0 0.5997596153846154 0.4567307692307692 0.01201923076923077 0.01201923076923077
0 0.6430288461538461 0.453125 0.014423076923076924 0.014423076923076924
0 0.6911057692307693 0.44591346153846156 0.01201923076923077 0.01201923076923077
0 0.5877403846153846 0.43990384615384615 0.01201923076923077 0.014423076923076924
0 0.53125 0.43990384615384615 0.01201923076923077 0.014423076923076924
0 0.41466346153846156 0.4411057692307692 0.01201923076923077 0.01201923076923077
0 0.6766826923076923 0.4254807692307692 0.009615384615384616 0.014423076923076924
0 0.6382211538461539 0.4266826923076923 0.01201923076923077 0.009615384615384616
0 0.6622596153846154 0.40384615384615385 0.01201923076923077 0.01201923076923077
0 0.5817307692307693 0.39903846153846156 0.01201923076923077 0.01201923076923077
0 0.5528846153846154 0.39663461538461536 0.016826923076923076 0.01201923076923077
0 0.6225961538461539 0.3942307692307692 0.014423076923076924 0.009615384615384616
0 0.39783653846153844 0.39663461538461536 0.014423076923076924 0.014423076923076924
0 0.6598557692307693 0.3858173076923077 0.01201923076923077 0.009615384615384616
0 0.5192307692307693 0.3798076923076923 0.009615384615384616 0.01201923076923077
0 0.5072115384615384 0.375 0.01201923076923077 0.01201923076923077
0 0.6310096153846154 0.36899038461538464 0.01201923076923077 0.01201923076923077
0 0.6730769230769231 0.36658653846153844 0.01201923076923077 0.01201923076923077
0 0.43990384615384615 0.3701923076923077 0.01201923076923077 0.01201923076923077
0 0.6574519230769231 0.3605769230769231 0.01201923076923077 0.01201923076923077
0 0.45913461538461536 0.359375 0.01201923076923077 0.01201923076923077
0 0.6502403846153846 0.34975961538461536 0.01201923076923077 0.01201923076923077
0 0.5516826923076923 0.3473557692307692 0.01201923076923077 0.01201923076923077
0 0.6682692307692307 0.33774038461538464 0.01201923076923077 0.014423076923076924
0 0.45072115384615385 0.33533653846153844 0.01201923076923077 0.014423076923076924
0 0.5985576923076923 0.3293269230769231 0.01201923076923077 0.01201923076923077
0 0.5348557692307693 0.3245192307692308 0.01201923076923077 0.01201923076923077
0 0.5588942307692307 0.31850961538461536 0.01201923076923077 0.009615384615384616
0 0.6069711538461539 0.3137019230769231 0.01201923076923077 0.01201923076923077
0 0.625 0.30649038461538464 0.01201923076923077 0.01201923076923077
0 0.59375 0.296875 0.016826923076923076 0.016826923076923076
0 0.5661057692307693 0.6923076923076923 0.019230769230769232 0.01201923076923077
0 0.5252403846153846 0.6622596153846154 0.01201923076923077 0.01201923076923077
0 0.5420673076923077 0.6454326923076923 0.01201923076923077 0.01201923076923077
0 0.5012019230769231 0.6394230769230769 0.014423076923076924 0.014423076923076924
0 0.5997596153846154 0.6370192307692307 0.01201923076923077 0.01201923076923077
0 0.6322115384615384 0.6346153846153846 0.01201923076923077 0.01201923076923077
0 0.47716346153846156 0.6310096153846154 0.01201923076923077 0.009615384615384616
0 0.5264423076923077 0.6177884615384616 0.01201923076923077 0.014423076923076924
0 0.47596153846153844 0.6105769230769231 0.009615384615384616 0.01201923076923077
0 0.6177884615384616 0.6045673076923077 0.01201923076923077 0.01201923076923077
0 0.49158653846153844 0.5985576923076923 0.01201923076923077 0.007211538461538462
0 0.5889423076923077 0.5925480769230769 0.01201923076923077 0.009615384615384616
0 0.5324519230769231 0.5925480769230769 0.014423076923076924 0.009615384615384616
0 0.43990384615384615 0.5685096153846154 0.01201923076923077 0.01201923076923077
0 0.5240384615384616 0.5637019230769231 0.009615384615384616 0.01201923076923077
0 0.46274038461538464 0.5588942307692307 0.01201923076923077 0.01201923076923077
0 0.4891826923076923 0.5564903846153846 0.01201923076923077 0.009615384615384616
0 0.5192307692307693 0.5492788461538461 0.01201923076923077 0.01201923076923077
0 0.6009615384615384 0.5408653846153846 0.009615384615384616 0.009615384615384616
0 0.4807692307692308 0.5300480769230769 0.01201923076923077 0.01201923076923077